cdr_id,caller_phone,receiver_phone,timestamp,duration_seconds,tower_id,direction,call_type
CDR-S36-00001,+91-9883948893,+91-9883950000,2026-08-23T19:51:00Z,559,TOWER-DL-CP-101,OUTGOING,VOICE
CDR-S36-00002,+91-9883950000,+91-9883951107,2026-08-23T10:27:00Z,18,TOWER-HR-KD-201,INCOMING,SMS
CDR-S36-00003,+91-9883951107,+91-9883952214,2026-08-23T17:13:00Z,291,TOWER-DL-VK-304,OUTGOING,VOICE
CDR-S36-00004,+91-9883952214,+91-9883953321,2026-08-23T11:56:00Z,344,TOWER-DL-CP-101,INCOMING,VOICE
CDR-S36-00005,+91-9883953321,+91-9883948893,2026-08-22T07:46:00Z,28,TOWER-HR-KD-201,OUTGOING,SMS
CDR-S36-00006,+91-9883948893,+91-9883950000,2026-08-22T20:42:00Z,27,TOWER-DL-VK-304,INCOMING,DATA
CDR-S36-00007,+91-9883950000,+91-9883951107,2026-08-23T06:16:00Z,347,TOWER-DL-CP-101,OUTGOING,VOICE
CDR-S36-00008,+91-9883951107,+91-9883952214,2026-08-23T06:54:00Z,24,TOWER-HR-KD-201,INCOMING,SMS
CDR-S36-00009,+91-9883952214,+91-9883953321,2026-08-22T22:11:00Z,413,TOWER-DL-VK-304,OUTGOING,VOICE
CDR-S36-00010,+91-9883953321,+91-9883948893,2026-08-22T11:01:00Z,169,TOWER-DL-CP-101,INCOMING,VOICE
CDR-S36-00011,+91-9883948893,+91-9883950000,2026-08-24T07:49:00Z,14,TOWER-HR-KD-201,OUTGOING,SMS
CDR-S36-00012,+91-9883950000,+91-9883951107,2026-08-23T15:15:00Z,8,TOWER-DL-VK-304,INCOMING,DATA
CDR-S36-00013,+91-9883951107,+91-9883952214,2026-08-24T19:59:00Z,110,TOWER-DL-CP-101,OUTGOING,VOICE
CDR-S36-00014,+91-9883952214,+91-9883953321,2026-08-24T11:22:00Z,28,TOWER-HR-KD-201,INCOMING,SMS
CDR-S36-00015,+91-9883953321,+91-9883948893,2026-08-22T12:42:00Z,374,TOWER-DL-VK-304,OUTGOING,VOICE
CDR-S36-00016,+91-9883948893,+91-9883950000,2026-08-23T10:34:00Z,516,TOWER-DL-CP-101,INCOMING,VOICE
CDR-S36-00017,+91-9883950000,+91-9883951107,2026-08-23T13:13:00Z,16,TOWER-HR-KD-201,OUTGOING,SMS
CDR-S36-00018,+91-9883951107,+91-9883952214,2026-08-22T18:47:00Z,8,TOWER-DL-VK-304,INCOMING,DATA
CDR-S36-00019,+91-9883952214,+91-9883953321,2026-08-22T13:52:00Z,371,TOWER-DL-CP-101,OUTGOING,VOICE
CDR-S36-00020,+91-9883953321,+91-9883948893,2026-08-22T08:36:00Z,19,TOWER-HR-KD-201,INCOMING,SMS
CDR-S36-00021,+91-9883948893,+91-9883950000,2026-08-24T19:44:00Z,526,TOWER-DL-VK-304,OUTGOING,VOICE
CDR-S36-00022,+91-9883950000,+91-9883951107,2026-08-23T17:19:00Z,269,TOWER-DL-CP-101,INCOMING,VOICE
CDR-S36-00023,+91-9883951107,+91-9883952214,2026-08-23T00:55:00Z,19,TOWER-HR-KD-201,OUTGOING,SMS
CDR-S36-00024,+91-9883952214,+91-9883953321,2026-08-23T20:13:00Z,21,TOWER-DL-VK-304,INCOMING,DATA
CDR-S36-00025,+91-9883953321,+91-9883948893,2026-08-23T04:34:00Z,234,TOWER-DL-CP-101,OUTGOING,VOICE
CDR-S36-00026,+91-9883948893,+91-9883950000,2026-08-24T22:09:00Z,26,TOWER-HR-KD-201,INCOMING,SMS
CDR-S36-00027,+91-9883950000,+91-9883951107,2026-08-24T23:20:00Z,530,TOWER-DL-VK-304,OUTGOING,VOICE
CDR-S36-00028,+91-9883951107,+91-9883952214,2026-08-22T11:05:00Z,490,TOWER-DL-CP-101,INCOMING,VOICE
CDR-S36-00029,+91-9883952214,+91-9883953321,2026-08-22T23:28:00Z,11,TOWER-HR-KD-201,OUTGOING,SMS
CDR-S36-00030,+91-9883953321,+91-9883948893,2026-08-25T06:42:00Z,7,TOWER-DL-VK-304,INCOMING,DATA
CDR-S36-00031,+91-9883948893,+91-9883950000,2026-08-24T09:12:00Z,519,TOWER-DL-CP-101,OUTGOING,VOICE
CDR-S36-00032,+91-9883950000,+91-9883951107,2026-08-24T21:28:00Z,25,TOWER-HR-KD-201,INCOMING,SMS
CDR-S36-00033,+91-9883951107,+91-9883952214,2026-08-24T04:38:00Z,433,TOWER-DL-VK-304,OUTGOING,VOICE
CDR-S36-00034,+91-9883952214,+91-9883953321,2026-08-24T12:45:00Z,87,TOWER-DL-CP-101,INCOMING,VOICE
CDR-S36-00035,+91-9883953321,+91-9883948893,2026-08-22T23:37:00Z,14,TOWER-HR-KD-201,OUTGOING,SMS
CDR-S36-00036,+91-9883948893,+91-9883950000,2026-08-22T16:25:00Z,21,TOWER-DL-VK-304,INCOMING,DATA
CDR-S36-00037,+91-9883950000,+91-9883951107,2026-08-25T00:13:00Z,45,TOWER-DL-CP-101,OUTGOING,VOICE
CDR-S36-00038,+91-9883951107,+91-9883952214,2026-08-24T17:46:00Z,1,TOWER-HR-KD-201,INCOMING,SMS
CDR-S36-00039,+91-9883952214,+91-9883953321,2026-08-25T03:08:00Z,311,TOWER-DL-VK-304,OUTGOING,VOICE
CDR-S36-00040,+91-9883953321,+91-9883948893,2026-08-23T18:41:00Z,440,TOWER-DL-CP-101,INCOMING,VOICE
CDR-S36-00041,+91-9883948893,+91-9883950000,2026-08-22T07:52:00Z,14,TOWER-HR-KD-201,OUTGOING,SMS
CDR-S36-00042,+91-9883950000,+91-9883951107,2026-08-24T02:10:00Z,21,TOWER-DL-VK-304,INCOMING,DATA
CDR-S36-00043,+91-9883951107,+91-9883952214,2026-08-22T23:31:00Z,342,TOWER-DL-CP-101,OUTGOING,VOICE
CDR-S36-00044,+91-9883952214,+91-9883953321,2026-08-23T05:53:00Z,28,TOWER-HR-KD-201,INCOMING,SMS
CDR-S36-00045,+91-9883953321,+91-9883948893,2026-08-22T21:10:00Z,379,TOWER-DL-VK-304,OUTGOING,VOICE
CDR-S36-00046,+91-9883948893,+91-9883950000,2026-08-23T14:01:00Z,461,TOWER-DL-CP-101,INCOMING,VOICE
CDR-S36-00047,+91-9883950000,+91-9883951107,2026-08-25T03:18:00Z,17,TOWER-HR-KD-201,OUTGOING,SMS
CDR-S36-00048,+91-9883951107,+91-9883952214,2026-08-22T15:16:00Z,24,TOWER-DL-VK-304,INCOMING,DATA
CDR-S36-00049,+91-9883952214,+91-9883953321,2026-08-22T17:01:00Z,596,TOWER-DL-CP-101,OUTGOING,VOICE
CDR-S36-00050,+91-9883953321,+91-9883948893,2026-08-23T21:41:00Z,27,TOWER-HR-KD-201,INCOMING,SMS
CDR-S36-00051,+91-9883948893,+91-9883950000,2026-08-24T19:21:00Z,533,TOWER-DL-VK-304,OUTGOING,VOICE
CDR-S36-00052,+91-9883950000,+91-9883951107,2026-08-25T06:57:00Z,485,TOWER-DL-CP-101,INCOMING,VOICE
CDR-S36-00053,+91-9883951107,+91-9883952214,2026-08-25T02:55:00Z,16,TOWER-HR-KD-201,OUTGOING,SMS
CDR-S36-00054,+91-9883952214,+91-9883953321,2026-08-22T18:40:00Z,11,TOWER-DL-VK-304,INCOMING,DATA
CDR-S36-00055,+91-9883953321,+91-9883948893,2026-08-22T22:13:00Z,21,TOWER-DL-CP-101,OUTGOING,VOICE
CDR-S36-00056,+91-9883948893,+91-9883950000,2026-08-23T03:09:00Z,19,TOWER-HR-KD-201,INCOMING,SMS
CDR-S36-00057,+91-9883950000,+91-9883951107,2026-08-24T05:13:00Z,343,TOWER-DL-VK-304,OUTGOING,VOICE
CDR-S36-00058,+91-9883951107,+91-9883952214,2026-08-24T19:14:00Z,191,TOWER-DL-CP-101,INCOMING,VOICE
CDR-S36-00059,+91-9883952214,+91-9883953321,2026-08-23T04:14:00Z,27,TOWER-HR-KD-201,OUTGOING,SMS
CDR-S36-00060,+91-9883953321,+91-9883948893,2026-08-23T23:07:00Z,26,TOWER-DL-VK-304,INCOMING,DATA
CDR-S36-00061,+91-9883948893,+91-9883950000,2026-08-22T10:19:00Z,437,TOWER-DL-CP-101,OUTGOING,VOICE
CDR-S36-00062,+91-9883950000,+91-9883951107,2026-08-22T15:32:00Z,2,TOWER-HR-KD-201,INCOMING,SMS
CDR-S36-00063,+91-9883951107,+91-9883952214,2026-08-23T15:41:00Z,407,TOWER-DL-VK-304,OUTGOING,VOICE
CDR-S36-00064,+91-9883952214,+91-9883953321,2026-08-22T19:44:00Z,337,TOWER-DL-CP-101,INCOMING,VOICE
CDR-S36-00065,+91-9883953321,+91-9883948893,2026-08-25T02:40:00Z,4,TOWER-HR-KD-201,OUTGOING,SMS
CDR-S36-00066,+91-9883948893,+91-9883950000,2026-08-22T19:56:00Z,23,TOWER-DL-VK-304,INCOMING,DATA
CDR-S36-00067,+91-9883950000,+91-9883951107,2026-08-23T01:31:00Z,497,TOWER-DL-CP-101,OUTGOING,VOICE
CDR-S36-00068,+91-9883951107,+91-9883952214,2026-08-23T00:26:00Z,3,TOWER-HR-KD-201,INCOMING,SMS
CDR-S36-00069,+91-9883952214,+91-9883953321,2026-08-23T04:21:00Z,149,TOWER-DL-VK-304,OUTGOING,VOICE
CDR-S36-00070,+91-9883953321,+91-9883948893,2026-08-24T19:51:00Z,238,TOWER-DL-CP-101,INCOMING,VOICE
CDR-S36-00071,+91-9883948893,+91-9883950000,2026-08-25T05:47:00Z,9,TOWER-HR-KD-201,OUTGOING,SMS
CDR-S36-00072,+91-9883950000,+91-9883951107,2026-08-24T02:49:00Z,14,TOWER-DL-VK-304,INCOMING,DATA
CDR-S36-00073,+91-9883951107,+91-9883952214,2026-08-22T16:59:00Z,400,TOWER-DL-CP-101,OUTGOING,VOICE
CDR-S36-00074,+91-9883952214,+91-9883953321,2026-08-24T13:49:00Z,12,TOWER-HR-KD-201,INCOMING,SMS
CDR-S36-00075,+91-9883953321,+91-9883948893,2026-08-24T05:40:00Z,591,TOWER-DL-VK-304,OUTGOING,VOICE
CDR-S36-00076,+91-9883948893,+91-9883950000,2026-08-24T11:16:00Z,519,TOWER-DL-CP-101,INCOMING,VOICE
CDR-S36-00077,+91-9883950000,+91-9883951107,2026-08-24T12:55:00Z,22,TOWER-HR-KD-201,OUTGOING,SMS
CDR-S36-00078,+91-9883951107,+91-9883952214,2026-08-22T08:59:00Z,30,TOWER-DL-VK-304,INCOMING,DATA
CDR-S36-00079,+91-9883952214,+91-9883953321,2026-08-23T23:45:00Z,82,TOWER-DL-CP-101,OUTGOING,VOICE
CDR-S36-00080,+91-9883953321,+91-9883948893,2026-08-24T23:45:00Z,24,TOWER-HR-KD-201,INCOMING,SMS
CDR-S36-00081,+91-9883948893,+91-9883950000,2026-08-23T09:01:00Z,28,TOWER-DL-VK-304,OUTGOING,VOICE
CDR-S36-00082,+91-9883950000,+91-9883951107,2026-08-22T22:21:00Z,429,TOWER-DL-CP-101,INCOMING,VOICE
CDR-S36-00083,+91-9883951107,+91-9883952214,2026-08-24T23:16:00Z,25,TOWER-HR-KD-201,OUTGOING,SMS
CDR-S36-00084,+91-9883952214,+91-9883953321,2026-08-23T14:56:00Z,6,TOWER-DL-VK-304,INCOMING,DATA
CDR-S36-00085,+91-9883953321,+91-9883948893,2026-08-24T08:36:00Z,560,TOWER-DL-CP-101,OUTGOING,VOICE
CDR-S36-00086,+91-9883948893,+91-9883950000,2026-08-23T09:01:00Z,6,TOWER-HR-KD-201,INCOMING,SMS
CDR-S36-00087,+91-9883950000,+91-9883951107,2026-08-24T11:42:00Z,109,TOWER-DL-VK-304,OUTGOING,VOICE
CDR-S36-00088,+91-9883951107,+91-9883952214,2026-08-22T20:13:00Z,374,TOWER-DL-CP-101,INCOMING,VOICE
CDR-S36-00089,+91-9883952214,+91-9883953321,2026-08-22T11:24:00Z,8,TOWER-HR-KD-201,OUTGOING,SMS
CDR-S36-00090,+91-9883953321,+91-9883948893,2026-08-23T20:51:00Z,14,TOWER-DL-VK-304,INCOMING,DATA
CDR-S36-00091,+91-9883948893,+91-9883950000,2026-08-24T21:56:00Z,363,TOWER-DL-CP-101,OUTGOING,VOICE
CDR-S36-00092,+91-9883950000,+91-9883951107,2026-08-24T13:54:00Z,14,TOWER-HR-KD-201,INCOMING,SMS
CDR-S36-00093,+91-9883951107,+91-9883952214,2026-08-22T11:08:00Z,337,TOWER-DL-VK-304,OUTGOING,VOICE
CDR-S36-00094,+91-9883952214,+91-9883953321,2026-08-22T19:42:00Z,412,TOWER-DL-CP-101,INCOMING,VOICE
CDR-S36-00095,+91-9883953321,+91-9883948893,2026-08-23T01:45:00Z,19,TOWER-HR-KD-201,OUTGOING,SMS
CDR-S36-00096,+91-9883948893,+91-9883950000,2026-08-24T22:37:00Z,16,TOWER-DL-VK-304,INCOMING,DATA
CDR-S36-00097,+91-9883950000,+91-9883951107,2026-08-23T22:24:00Z,31,TOWER-DL-CP-101,OUTGOING,VOICE
CDR-S36-00098,+91-9883951107,+91-9883952214,2026-08-24T05:36:00Z,23,TOWER-HR-KD-201,INCOMING,SMS
CDR-S36-00099,+91-9883952214,+91-9883953321,2026-08-22T23:52:00Z,65,TOWER-DL-VK-304,OUTGOING,VOICE
CDR-S36-00100,+91-9883953321,+91-9883948893,2026-08-24T15:29:00Z,484,TOWER-DL-CP-101,INCOMING,VOICE
CDR-S36-00101,+91-9883948893,+91-9883950000,2026-08-23T23:19:00Z,19,TOWER-HR-KD-201,OUTGOING,SMS
CDR-S36-00102,+91-9883950000,+91-9883951107,2026-08-22T23:41:00Z,5,TOWER-DL-VK-304,INCOMING,DATA
CDR-S36-00103,+91-9883951107,+91-9883952214,2026-08-23T03:15:00Z,426,TOWER-DL-CP-101,OUTGOING,VOICE
CDR-S36-00104,+91-9883952214,+91-9883953321,2026-08-23T01:41:00Z,29,TOWER-HR-KD-201,INCOMING,SMS
CDR-S36-00105,+91-9883953321,+91-9883948893,2026-08-24T00:12:00Z,335,TOWER-DL-VK-304,OUTGOING,VOICE
CDR-S36-00106,+91-9883948893,+91-9883950000,2026-08-25T07:00:00Z,66,TOWER-DL-CP-101,INCOMING,VOICE
CDR-S36-00107,+91-9883950000,+91-9883951107,2026-08-24T15:03:00Z,30,TOWER-HR-KD-201,OUTGOING,SMS
CDR-S36-00108,+91-9883951107,+91-9883952214,2026-08-25T03:04:00Z,13,TOWER-DL-VK-304,INCOMING,DATA
CDR-S36-00109,+91-9883952214,+91-9883953321,2026-08-22T17:01:00Z,600,TOWER-DL-CP-101,OUTGOING,VOICE
CDR-S36-00110,+91-9883953321,+91-9883948893,2026-08-23T17:41:00Z,14,TOWER-HR-KD-201,INCOMING,SMS
CDR-S36-00111,+91-9883948893,+91-9883950000,2026-08-23T13:34:00Z,291,TOWER-DL-VK-304,OUTGOING,VOICE
CDR-S36-00112,+91-9883950000,+91-9883951107,2026-08-22T11:33:00Z,122,TOWER-DL-CP-101,INCOMING,VOICE
CDR-S36-00113,+91-9883951107,+91-9883952214,2026-08-22T17:07:00Z,1,TOWER-HR-KD-201,OUTGOING,SMS
CDR-S36-00114,+91-9883952214,+91-9883953321,2026-08-24T22:59:00Z,16,TOWER-DL-VK-304,INCOMING,DATA
CDR-S36-00115,+91-9883953321,+91-9883948893,2026-08-24T07:26:00Z,449,TOWER-DL-CP-101,OUTGOING,VOICE
CDR-S36-00116,+91-9883948893,+91-9883950000,2026-08-23T17:58:00Z,13,TOWER-HR-KD-201,INCOMING,SMS
CDR-S36-00117,+91-9883950000,+91-9883951107,2026-08-22T14:20:00Z,269,TOWER-DL-VK-304,OUTGOING,VOICE
CDR-S36-00118,+91-9883951107,+91-9883952214,2026-08-23T11:48:00Z,52,TOWER-DL-CP-101,INCOMING,VOICE
CDR-S36-00119,+91-9883952214,+91-9883953321,2026-08-22T15:07:00Z,4,TOWER-HR-KD-201,OUTGOING,SMS
CDR-S36-00120,+91-9883953321,+91-9883948893,2026-08-23T10:34:00Z,30,TOWER-DL-VK-304,INCOMING,DATA
CDR-S36-00121,+91-9883948893,+91-9883950000,2026-08-23T06:42:00Z,526,TOWER-DL-CP-101,OUTGOING,VOICE
CDR-S36-00122,+91-9883950000,+91-9883951107,2026-08-22T08:21:00Z,19,TOWER-HR-KD-201,INCOMING,SMS
CDR-S36-00123,+91-9883951107,+91-9883952214,2026-08-24T19:35:00Z,253,TOWER-DL-VK-304,OUTGOING,VOICE
CDR-S36-00124,+91-9883952214,+91-9883953321,2026-08-25T01:49:00Z,518,TOWER-DL-CP-101,INCOMING,VOICE
CDR-S36-00125,+91-9883953321,+91-9883948893,2026-08-23T07:25:00Z,14,TOWER-HR-KD-201,OUTGOING,SMS
CDR-S36-00126,+91-9883948893,+91-9883950000,2026-08-22T16:30:00Z,13,TOWER-DL-VK-304,INCOMING,DATA
CDR-S36-00127,+91-9883950000,+91-9883951107,2026-08-23T21:39:00Z,333,TOWER-DL-CP-101,OUTGOING,VOICE
CDR-S36-00128,+91-9883951107,+91-9883952214,2026-08-22T21:23:00Z,8,TOWER-HR-KD-201,INCOMING,SMS
CDR-S36-00129,+91-9883952214,+91-9883953321,2026-08-23T16:26:00Z,37,TOWER-DL-VK-304,OUTGOING,VOICE
CDR-S36-00130,+91-9883953321,+91-9883948893,2026-08-22T23:21:00Z,186,TOWER-DL-CP-101,INCOMING,VOICE
CDR-S36-00131,+91-9883948893,+91-9883950000,2026-08-24T15:40:00Z,20,TOWER-HR-KD-201,OUTGOING,SMS
CDR-S36-00132,+91-9883950000,+91-9883951107,2026-08-24T01:25:00Z,26,TOWER-DL-VK-304,INCOMING,DATA
CDR-S36-00133,+91-9883951107,+91-9883952214,2026-08-24T23:11:00Z,435,TOWER-DL-CP-101,OUTGOING,VOICE
CDR-S36-00134,+91-9883952214,+91-9883953321,2026-08-22T15:28:00Z,11,TOWER-HR-KD-201,INCOMING,SMS
CDR-S36-00135,+91-9883953321,+91-9883948893,2026-08-23T20:38:00Z,392,TOWER-DL-VK-304,OUTGOING,VOICE
CDR-S36-00136,+91-9883948893,+91-9883950000,2026-08-22T12:43:00Z,272,TOWER-DL-CP-101,INCOMING,VOICE
CDR-S36-00137,+91-9883950000,+91-9883951107,2026-08-23T09:18:00Z,2,TOWER-HR-KD-201,OUTGOING,SMS
CDR-S36-00138,+91-9883951107,+91-9883952214,2026-08-22T09:11:00Z,21,TOWER-DL-VK-304,INCOMING,DATA
CDR-S36-00139,+91-9883952214,+91-9883953321,2026-08-24T09:21:00Z,538,TOWER-DL-CP-101,OUTGOING,VOICE
CDR-S36-00140,+91-9883953321,+91-9883948893,2026-08-23T11:12:00Z,3,TOWER-HR-KD-201,INCOMING,SMS
CDR-S36-00141,+91-9883948893,+91-9883950000,2026-08-23T16:02:00Z,381,TOWER-DL-VK-304,OUTGOING,VOICE
CDR-S36-00142,+91-9883950000,+91-9883951107,2026-08-22T16:58:00Z,59,TOWER-DL-CP-101,INCOMING,VOICE
CDR-S36-00143,+91-9883951107,+91-9883952214,2026-08-23T21:07:00Z,23,TOWER-HR-KD-201,OUTGOING,SMS
CDR-S36-00144,+91-9883952214,+91-9883953321,2026-08-23T02:40:00Z,28,TOWER-DL-VK-304,INCOMING,DATA
CDR-S36-00145,+91-9883953321,+91-9883948893,2026-08-23T16:54:00Z,235,TOWER-DL-CP-101,OUTGOING,VOICE
CDR-S36-00146,+91-9883948893,+91-9883950000,2026-08-24T22:36:00Z,8,TOWER-HR-KD-201,INCOMING,SMS
CDR-S36-00147,+91-9883950000,+91-9883951107,2026-08-22T19:53:00Z,420,TOWER-DL-VK-304,OUTGOING,VOICE
CDR-S36-00148,+91-9883951107,+91-9883952214,2026-08-24T08:25:00Z,27,TOWER-DL-CP-101,INCOMING,VOICE
CDR-S36-00149,+91-9883952214,+91-9883953321,2026-08-22T17:28:00Z,21,TOWER-HR-KD-201,OUTGOING,SMS
CDR-S36-00150,+91-9883953321,+91-9883948893,2026-08-24T06:15:00Z,20,TOWER-DL-VK-304,INCOMING,DATA
CDR-S36-00151,+91-9883948893,+91-9883950000,2026-08-24T00:05:00Z,78,TOWER-DL-CP-101,OUTGOING,VOICE
CDR-S36-00152,+91-9883950000,+91-9883951107,2026-08-25T00:58:00Z,24,TOWER-HR-KD-201,INCOMING,SMS
CDR-S36-00153,+91-9883951107,+91-9883952214,2026-08-23T05:16:00Z,246,TOWER-DL-VK-304,OUTGOING,VOICE
CDR-S36-00154,+91-9883952214,+91-9883953321,2026-08-23T15:17:00Z,271,TOWER-DL-CP-101,INCOMING,VOICE
CDR-S36-00155,+91-9883953321,+91-9883948893,2026-08-22T11:35:00Z,28,TOWER-HR-KD-201,OUTGOING,SMS
CDR-S36-00156,+91-9883948893,+91-9883950000,2026-08-24T06:05:00Z,12,TOWER-DL-VK-304,INCOMING,DATA
CDR-S36-00157,+91-9883950000,+91-9883951107,2026-08-24T02:32:00Z,425,TOWER-DL-CP-101,OUTGOING,VOICE
CDR-S36-00158,+91-9883951107,+91-9883952214,2026-08-23T23:10:00Z,28,TOWER-HR-KD-201,INCOMING,SMS
CDR-S36-00159,+91-9883952214,+91-9883953321,2026-08-25T06:55:00Z,149,TOWER-DL-VK-304,OUTGOING,VOICE
CDR-S36-00160,+91-9883953321,+91-9883948893,2026-08-25T06:25:00Z,361,TOWER-DL-CP-101,INCOMING,VOICE
CDR-S36-00161,+91-9883948893,+91-9883950000,2026-08-22T13:33:00Z,23,TOWER-HR-KD-201,OUTGOING,SMS
CDR-S36-00162,+91-9883950000,+91-9883951107,2026-08-22T07:05:00Z,8,TOWER-DL-VK-304,INCOMING,DATA
CDR-S36-00163,+91-9883951107,+91-9883952214,2026-08-23T21:59:00Z,8,TOWER-DL-CP-101,OUTGOING,VOICE
CDR-S36-00164,+91-9883952214,+91-9883953321,2026-08-24T00:08:00Z,17,TOWER-HR-KD-201,INCOMING,SMS
CDR-S36-00165,+91-9883953321,+91-9883948893,2026-08-24T06:41:00Z,534,TOWER-DL-VK-304,OUTGOING,VOICE
CDR-S36-00166,+91-9883948893,+91-9883950000,2026-08-25T05:15:00Z,349,TOWER-DL-CP-101,INCOMING,VOICE
CDR-S36-00167,+91-9883950000,+91-9883951107,2026-08-23T12:39:00Z,25,TOWER-HR-KD-201,OUTGOING,SMS
CDR-S36-00168,+91-9883951107,+91-9883952214,2026-08-23T23:28:00Z,27,TOWER-DL-VK-304,INCOMING,DATA
CDR-S36-00169,+91-9883952214,+91-9883953321,2026-08-25T02:59:00Z,112,TOWER-DL-CP-101,OUTGOING,VOICE
CDR-S36-00170,+91-9883953321,+91-9883948893,2026-08-22T20:37:00Z,20,TOWER-HR-KD-201,INCOMING,SMS
CDR-S36-00171,+91-9883948893,+91-9883950000,2026-08-25T04:37:00Z,534,TOWER-DL-VK-304,OUTGOING,VOICE
CDR-S36-00172,+91-9883950000,+91-9883951107,2026-08-22T19:47:00Z,504,TOWER-DL-CP-101,INCOMING,VOICE
CDR-S36-00173,+91-9883951107,+91-9883952214,2026-08-25T00:52:00Z,7,TOWER-HR-KD-201,OUTGOING,SMS
CDR-S36-00174,+91-9883952214,+91-9883953321,2026-08-24T18:45:00Z,3,TOWER-DL-VK-304,INCOMING,DATA
CDR-S36-00175,+91-9883953321,+91-9883948893,2026-08-22T09:18:00Z,249,TOWER-DL-CP-101,OUTGOING,VOICE
CDR-S36-00176,+91-9883948893,+91-9883950000,2026-08-24T11:29:00Z,30,TOWER-HR-KD-201,INCOMING,SMS
CDR-S36-00177,+91-9883950000,+91-9883951107,2026-08-24T06:10:00Z,546,TOWER-DL-VK-304,OUTGOING,VOICE
CDR-S36-00178,+91-9883951107,+91-9883952214,2026-08-24T23:11:00Z,59,TOWER-DL-CP-101,INCOMING,VOICE
CDR-S36-00179,+91-9883952214,+91-9883953321,2026-08-23T18:02:00Z,29,TOWER-HR-KD-201,OUTGOING,SMS
CDR-S36-00180,+91-9883953321,+91-9883948893,2026-08-22T15:36:00Z,5,TOWER-DL-VK-304,INCOMING,DATA
CDR-S36-00181,+91-9883948893,+91-9883950000,2026-08-24T22:33:00Z,450,TOWER-DL-CP-101,OUTGOING,VOICE
CDR-S36-00182,+91-9883950000,+91-9883951107,2026-08-22T13:10:00Z,24,TOWER-HR-KD-201,INCOMING,SMS
CDR-S36-00183,+91-9883951107,+91-9883952214,2026-08-24T09:21:00Z,53,TOWER-DL-VK-304,OUTGOING,VOICE
CDR-S36-00184,+91-9883952214,+91-9883953321,2026-08-24T11:58:00Z,473,TOWER-DL-CP-101,INCOMING,VOICE
CDR-S36-00185,+91-9883953321,+91-9883948893,2026-08-24T13:02:00Z,2,TOWER-HR-KD-201,OUTGOING,SMS
CDR-S36-00186,+91-9883948893,+91-9883950000,2026-08-23T18:16:00Z,25,TOWER-DL-VK-304,INCOMING,DATA
CDR-S36-00187,+91-9883950000,+91-9883951107,2026-08-23T19:16:00Z,389,TOWER-DL-CP-101,OUTGOING,VOICE
CDR-S36-00188,+91-9883951107,+91-9883952214,2026-08-24T01:51:00Z,26,TOWER-HR-KD-201,INCOMING,SMS
CDR-S36-00189,+91-9883952214,+91-9883953321,2026-08-22T16:52:00Z,469,TOWER-DL-VK-304,OUTGOING,VOICE
CDR-S36-00190,+91-9883953321,+91-9883948893,2026-08-24T08:27:00Z,63,TOWER-DL-CP-101,INCOMING,VOICE
CDR-S36-00191,+91-9883948893,+91-9883950000,2026-08-22T09:31:00Z,26,TOWER-HR-KD-201,OUTGOING,SMS
CDR-S36-00192,+91-9883950000,+91-9883951107,2026-08-22T23:28:00Z,11,TOWER-DL-VK-304,INCOMING,DATA
CDR-S36-00193,+91-9883951107,+91-9883952214,2026-08-23T16:16:00Z,421,TOWER-DL-CP-101,OUTGOING,VOICE
CDR-S36-00194,+91-9883952214,+91-9883953321,2026-08-24T23:11:00Z,12,TOWER-HR-KD-201,INCOMING,SMS
CDR-S36-00195,+91-9883953321,+91-9883948893,2026-08-23T21:20:00Z,63,TOWER-DL-VK-304,OUTGOING,VOICE
CDR-S36-00196,+91-9883948893,+91-9883950000,2026-08-23T02:44:00Z,538,TOWER-DL-CP-101,INCOMING,VOICE
CDR-S36-00197,+91-9883950000,+91-9883951107,2026-08-24T13:31:00Z,19,TOWER-HR-KD-201,OUTGOING,SMS
CDR-S36-00198,+91-9883951107,+91-9883952214,2026-08-23T10:39:00Z,14,TOWER-DL-VK-304,INCOMING,DATA
CDR-S36-00199,+91-9883952214,+91-9883953321,2026-08-22T09:38:00Z,352,TOWER-DL-CP-101,OUTGOING,VOICE
CDR-S36-00200,+91-9883953321,+91-9883948893,2026-08-23T07:10:00Z,3,TOWER-HR-KD-201,INCOMING,SMS
CDR-S36-00201,+91-9883948893,+91-9883950000,2026-08-22T19:59:00Z,362,TOWER-DL-VK-304,OUTGOING,VOICE
CDR-S36-00202,+91-9883950000,+91-9883951107,2026-08-23T20:02:00Z,82,TOWER-DL-CP-101,INCOMING,VOICE
CDR-S36-00203,+91-9883951107,+91-9883952214,2026-08-25T05:33:00Z,21,TOWER-HR-KD-201,OUTGOING,SMS
CDR-S36-00204,+91-9883952214,+91-9883953321,2026-08-24T23:04:00Z,19,TOWER-DL-VK-304,INCOMING,DATA
CDR-S36-00205,+91-9883953321,+91-9883948893,2026-08-22T21:42:00Z,399,TOWER-DL-CP-101,OUTGOING,VOICE
CDR-S36-00206,+91-9883948893,+91-9883950000,2026-08-23T18:12:00Z,10,TOWER-HR-KD-201,INCOMING,SMS
CDR-S36-00207,+91-9883950000,+91-9883951107,2026-08-24T18:47:00Z,553,TOWER-DL-VK-304,OUTGOING,VOICE
CDR-S36-00208,+91-9883951107,+91-9883952214,2026-08-25T02:57:00Z,267,TOWER-DL-CP-101,INCOMING,VOICE
CDR-S36-00209,+91-9883952214,+91-9883953321,2026-08-24T05:17:00Z,11,TOWER-HR-KD-201,OUTGOING,SMS
CDR-S36-00210,+91-9883953321,+91-9883948893,2026-08-23T12:34:00Z,26,TOWER-DL-VK-304,INCOMING,DATA
CDR-S36-00211,+91-9883948893,+91-9883950000,2026-08-22T19:42:00Z,281,TOWER-DL-CP-101,OUTGOING,VOICE
CDR-S36-00212,+91-9883950000,+91-9883951107,2026-08-22T15:48:00Z,21,TOWER-HR-KD-201,INCOMING,SMS
CDR-S36-00213,+91-9883951107,+91-9883952214,2026-08-22T11:24:00Z,524,TOWER-DL-VK-304,OUTGOING,VOICE
CDR-S36-00214,+91-9883952214,+91-9883953321,2026-08-22T07:24:00Z,459,TOWER-DL-CP-101,INCOMING,VOICE
CDR-S36-00215,+91-9883953321,+91-9883948893,2026-08-22T20:53:00Z,25,TOWER-HR-KD-201,OUTGOING,SMS
CDR-S36-00216,+91-9883948893,+91-9883950000,2026-08-22T18:24:00Z,17,TOWER-DL-VK-304,INCOMING,DATA
CDR-S36-00217,+91-9883950000,+91-9883951107,2026-08-24T00:35:00Z,598,TOWER-DL-CP-101,OUTGOING,VOICE
CDR-S36-00218,+91-9883951107,+91-9883952214,2026-08-22T22:03:00Z,30,TOWER-HR-KD-201,INCOMING,SMS
CDR-S36-00219,+91-9883952214,+91-9883953321,2026-08-22T21:51:00Z,503,TOWER-DL-VK-304,OUTGOING,VOICE
CDR-S36-00220,+91-9883953321,+91-9883948893,2026-08-22T08:53:00Z,204,TOWER-DL-CP-101,INCOMING,VOICE
CDR-S36-00221,+91-9883948893,+91-9883950000,2026-08-23T07:05:00Z,17,TOWER-HR-KD-201,OUTGOING,SMS
CDR-S36-00222,+91-9883950000,+91-9883951107,2026-08-25T02:52:00Z,2,TOWER-DL-VK-304,INCOMING,DATA
CDR-S36-00223,+91-9883951107,+91-9883952214,2026-08-22T11:06:00Z,54,TOWER-DL-CP-101,OUTGOING,VOICE
CDR-S36-00224,+91-9883952214,+91-9883953321,2026-08-23T11:08:00Z,15,TOWER-HR-KD-201,INCOMING,SMS
CDR-S36-00225,+91-9883953321,+91-9883948893,2026-08-24T06:20:00Z,400,TOWER-DL-VK-304,OUTGOING,VOICE
CDR-S36-00226,+91-9883948893,+91-9883950000,2026-08-23T18:50:00Z,520,TOWER-DL-CP-101,INCOMING,VOICE
CDR-S36-00227,+91-9883950000,+91-9883951107,2026-08-25T03:17:00Z,17,TOWER-HR-KD-201,OUTGOING,SMS
CDR-S36-00228,+91-9883951107,+91-9883952214,2026-08-24T06:38:00Z,9,TOWER-DL-VK-304,INCOMING,DATA
CDR-S36-00229,+91-9883952214,+91-9883953321,2026-08-24T11:01:00Z,277,TOWER-DL-CP-101,OUTGOING,VOICE
CDR-S36-00230,+91-9883953321,+91-9883948893,2026-08-23T09:56:00Z,6,TOWER-HR-KD-201,INCOMING,SMS
CDR-S36-00231,+91-9883948893,+91-9883950000,2026-08-24T15:11:00Z,425,TOWER-DL-VK-304,OUTGOING,VOICE
CDR-S36-00232,+91-9883950000,+91-9883951107,2026-08-25T06:15:00Z,70,TOWER-DL-CP-101,INCOMING,VOICE
CDR-S36-00233,+91-9883951107,+91-9883952214,2026-08-24T04:50:00Z,21,TOWER-HR-KD-201,OUTGOING,SMS
CDR-S36-00234,+91-9883952214,+91-9883953321,2026-08-22T11:12:00Z,14,TOWER-DL-VK-304,INCOMING,DATA
CDR-S36-00235,+91-9883953321,+91-9883948893,2026-08-24T04:39:00Z,76,TOWER-DL-CP-101,OUTGOING,VOICE
CDR-S36-00236,+91-9883948893,+91-9883950000,2026-08-24T08:58:00Z,1,TOWER-HR-KD-201,INCOMING,SMS
CDR-S36-00237,+91-9883950000,+91-9883951107,2026-08-22T18:12:00Z,295,TOWER-DL-VK-304,OUTGOING,VOICE
CDR-S36-00238,+91-9883951107,+91-9883952214,2026-08-22T15:11:00Z,173,TOWER-DL-CP-101,INCOMING,VOICE
CDR-S36-00239,+91-9883952214,+91-9883953321,2026-08-24T11:56:00Z,1,TOWER-HR-KD-201,OUTGOING,SMS
CDR-S36-00240,+91-9883953321,+91-9883948893,2026-08-24T18:23:00Z,19,TOWER-DL-VK-304,INCOMING,DATA
CDR-S36-00241,+91-9883948893,+91-9883950000,2026-08-23T08:05:00Z,282,TOWER-DL-CP-101,OUTGOING,VOICE
CDR-S36-00242,+91-9883950000,+91-9883951107,2026-08-23T20:18:00Z,30,TOWER-HR-KD-201,INCOMING,SMS
CDR-S36-00243,+91-9883951107,+91-9883952214,2026-08-24T09:19:00Z,144,TOWER-DL-VK-304,OUTGOING,VOICE
CDR-S36-00244,+91-9883952214,+91-9883953321,2026-08-23T22:12:00Z,499,TOWER-DL-CP-101,INCOMING,VOICE
CDR-S36-00245,+91-9883953321,+91-9883948893,2026-08-23T09:46:00Z,23,TOWER-HR-KD-201,OUTGOING,SMS
CDR-S36-00246,+91-9883948893,+91-9883950000,2026-08-24T07:21:00Z,4,TOWER-DL-VK-304,INCOMING,DATA
CDR-S36-00247,+91-9883950000,+91-9883951107,2026-08-22T13:29:00Z,78,TOWER-DL-CP-101,OUTGOING,VOICE
CDR-S36-00248,+91-9883951107,+91-9883952214,2026-08-23T16:08:00Z,22,TOWER-HR-KD-201,INCOMING,SMS
CDR-S36-00249,+91-9883952214,+91-9883953321,2026-08-25T05:58:00Z,407,TOWER-DL-VK-304,OUTGOING,VOICE
CDR-S36-00250,+91-9883953321,+91-9883948893,2026-08-25T04:46:00Z,222,TOWER-DL-CP-101,INCOMING,VOICE
CDR-S36-00251,+91-9883948893,+91-9883950000,2026-08-23T00:53:00Z,27,TOWER-HR-KD-201,OUTGOING,SMS
CDR-S36-00252,+91-9883950000,+91-9883951107,2026-08-22T08:47:00Z,16,TOWER-DL-VK-304,INCOMING,DATA
CDR-S36-00253,+91-9883951107,+91-9883952214,2026-08-23T13:17:00Z,214,TOWER-DL-CP-101,OUTGOING,VOICE
CDR-S36-00254,+91-9883952214,+91-9883953321,2026-08-22T12:14:00Z,21,TOWER-HR-KD-201,INCOMING,SMS
CDR-S36-00255,+91-9883953321,+91-9883948893,2026-08-23T20:39:00Z,82,TOWER-DL-VK-304,OUTGOING,VOICE
CDR-S36-00256,+91-9883948893,+91-9883950000,2026-08-24T19:10:00Z,316,TOWER-DL-CP-101,INCOMING,VOICE
CDR-S36-00257,+91-9883950000,+91-9883951107,2026-08-23T04:05:00Z,13,TOWER-HR-KD-201,OUTGOING,SMS
CDR-S36-00258,+91-9883951107,+91-9883952214,2026-08-24T03:25:00Z,21,TOWER-DL-VK-304,INCOMING,DATA
CDR-S36-00259,+91-9883952214,+91-9883953321,2026-08-24T17:26:00Z,89,TOWER-DL-CP-101,OUTGOING,VOICE
CDR-S36-00260,+91-9883953321,+91-9883948893,2026-08-23T03:43:00Z,23,TOWER-HR-KD-201,INCOMING,SMS
CDR-S36-00261,+91-9883948893,+91-9883950000,2026-08-23T11:08:00Z,296,TOWER-DL-VK-304,OUTGOING,VOICE
CDR-S36-00262,+91-9883950000,+91-9883951107,2026-08-23T10:15:00Z,195,TOWER-DL-CP-101,INCOMING,VOICE
CDR-S36-00263,+91-9883951107,+91-9883952214,2026-08-23T17:34:00Z,1,TOWER-HR-KD-201,OUTGOING,SMS
CDR-S36-00264,+91-9883952214,+91-9883953321,2026-08-24T17:59:00Z,11,TOWER-DL-VK-304,INCOMING,DATA
CDR-S36-00265,+91-9883953321,+91-9883948893,2026-08-23T01:29:00Z,64,TOWER-DL-CP-101,OUTGOING,VOICE
CDR-S36-00266,+91-9883948893,+91-9883950000,2026-08-25T02:38:00Z,16,TOWER-HR-KD-201,INCOMING,SMS
CDR-S36-00267,+91-9883950000,+91-9883951107,2026-08-23T08:31:00Z,380,TOWER-DL-VK-304,OUTGOING,VOICE
CDR-S36-00268,+91-9883951107,+91-9883952214,2026-08-24T06:22:00Z,578,TOWER-DL-CP-101,INCOMING,VOICE
CDR-S36-00269,+91-9883952214,+91-9883953321,2026-08-25T02:55:00Z,1,TOWER-HR-KD-201,OUTGOING,SMS
CDR-S36-00270,+91-9883953321,+91-9883948893,2026-08-24T22:13:00Z,8,TOWER-DL-VK-304,INCOMING,DATA
CDR-S36-00271,+91-9883948893,+91-9883950000,2026-08-24T17:03:00Z,362,TOWER-DL-CP-101,OUTGOING,VOICE
CDR-S36-00272,+91-9883950000,+91-9883951107,2026-08-24T02:09:00Z,25,TOWER-HR-KD-201,INCOMING,SMS
CDR-S36-00273,+91-9883951107,+91-9883952214,2026-08-23T07:00:00Z,15,TOWER-DL-VK-304,OUTGOING,VOICE
CDR-S36-00274,+91-9883952214,+91-9883953321,2026-08-22T18:45:00Z,474,TOWER-DL-CP-101,INCOMING,VOICE
CDR-S36-00275,+91-9883953321,+91-9883948893,2026-08-24T14:56:00Z,1,TOWER-HR-KD-201,OUTGOING,SMS
CDR-S36-00276,+91-9883948893,+91-9883950000,2026-08-24T00:49:00Z,18,TOWER-DL-VK-304,INCOMING,DATA
CDR-S36-00277,+91-9883950000,+91-9883951107,2026-08-25T05:40:00Z,512,TOWER-DL-CP-101,OUTGOING,VOICE
CDR-S36-00278,+91-9883951107,+91-9883952214,2026-08-24T22:46:00Z,6,TOWER-HR-KD-201,INCOMING,SMS
CDR-S36-00279,+91-9883952214,+91-9883953321,2026-08-23T19:28:00Z,63,TOWER-DL-VK-304,OUTGOING,VOICE
CDR-S36-00280,+91-9883953321,+91-9883948893,2026-08-24T10:11:00Z,399,TOWER-DL-CP-101,INCOMING,VOICE
CDR-S36-00281,+91-9883948893,+91-9883950000,2026-08-23T05:10:00Z,27,TOWER-HR-KD-201,OUTGOING,SMS
CDR-S36-00282,+91-9883950000,+91-9883951107,2026-08-23T16:06:00Z,2,TOWER-DL-VK-304,INCOMING,DATA
CDR-S36-00283,+91-9883951107,+91-9883952214,2026-08-24T18:02:00Z,199,TOWER-DL-CP-101,OUTGOING,VOICE
CDR-S36-00284,+91-9883952214,+91-9883953321,2026-08-23T03:45:00Z,2,TOWER-HR-KD-201,INCOMING,SMS
CDR-S36-00285,+91-9883953321,+91-9883948893,2026-08-23T09:45:00Z,208,TOWER-DL-VK-304,OUTGOING,VOICE
CDR-S36-00286,+91-9883948893,+91-9883950000,2026-08-23T06:38:00Z,418,TOWER-DL-CP-101,INCOMING,VOICE
CDR-S36-00287,+91-9883950000,+91-9883951107,2026-08-25T02:03:00Z,21,TOWER-HR-KD-201,OUTGOING,SMS
CDR-S36-00288,+91-9883951107,+91-9883952214,2026-08-24T02:13:00Z,8,TOWER-DL-VK-304,INCOMING,DATA
CDR-S36-00289,+91-9883952214,+91-9883953321,2026-08-24T03:25:00Z,546,TOWER-DL-CP-101,OUTGOING,VOICE
CDR-S36-00290,+91-9883953321,+91-9883948893,2026-08-25T01:27:00Z,6,TOWER-HR-KD-201,INCOMING,SMS
CDR-S36-00291,+91-9883948893,+91-9883950000,2026-08-22T16:22:00Z,199,TOWER-DL-VK-304,OUTGOING,VOICE
CDR-S36-00292,+91-9883950000,+91-9883951107,2026-08-24T00:57:00Z,44,TOWER-DL-CP-101,INCOMING,VOICE
CDR-S36-00293,+91-9883951107,+91-9883952214,2026-08-23T06:39:00Z,21,TOWER-HR-KD-201,OUTGOING,SMS
CDR-S36-00294,+91-9883952214,+91-9883953321,2026-08-24T07:31:00Z,4,TOWER-DL-VK-304,INCOMING,DATA
CDR-S36-00295,+91-9883953321,+91-9883948893,2026-08-22T20:05:00Z,320,TOWER-DL-CP-101,OUTGOING,VOICE
CDR-S36-00296,+91-9883948893,+91-9883950000,2026-08-22T17:28:00Z,12,TOWER-HR-KD-201,INCOMING,SMS
CDR-S36-00297,+91-9883950000,+91-9883951107,2026-08-23T14:28:00Z,175,TOWER-DL-VK-304,OUTGOING,VOICE
CDR-S36-00298,+91-9883951107,+91-9883952214,2026-08-23T15:08:00Z,432,TOWER-DL-CP-101,INCOMING,VOICE
CDR-S36-00299,+91-9883952214,+91-9883953321,2026-08-23T20:10:00Z,20,TOWER-HR-KD-201,OUTGOING,SMS
CDR-S36-00300,+91-9883953321,+91-9883948893,2026-08-22T18:36:00Z,30,TOWER-DL-VK-304,INCOMING,DATA
CDR-S36-00301,+91-9883948893,+91-9883950000,2026-08-22T13:42:00Z,358,TOWER-DL-CP-101,OUTGOING,VOICE
CDR-S36-00302,+91-9883950000,+91-9883951107,2026-08-25T06:24:00Z,14,TOWER-HR-KD-201,INCOMING,SMS
CDR-S36-00303,+91-9883951107,+91-9883952214,2026-08-22T16:18:00Z,532,TOWER-DL-VK-304,OUTGOING,VOICE
CDR-S36-00304,+91-9883952214,+91-9883953321,2026-08-23T22:33:00Z,286,TOWER-DL-CP-101,INCOMING,VOICE
CDR-S36-00305,+91-9883953321,+91-9883948893,2026-08-23T04:48:00Z,9,TOWER-HR-KD-201,OUTGOING,SMS
CDR-S36-00306,+91-9883948893,+91-9883950000,2026-08-23T02:47:00Z,14,TOWER-DL-VK-304,INCOMING,DATA
CDR-S36-00307,+91-9883950000,+91-9883951107,2026-08-24T15:34:00Z,447,TOWER-DL-CP-101,OUTGOING,VOICE
CDR-S36-00308,+91-9883951107,+91-9883952214,2026-08-24T19:03:00Z,19,TOWER-HR-KD-201,INCOMING,SMS
CDR-S36-00309,+91-9883952214,+91-9883953321,2026-08-24T15:18:00Z,263,TOWER-DL-VK-304,OUTGOING,VOICE
CDR-S36-00310,+91-9883953321,+91-9883948893,2026-08-23T10:43:00Z,250,TOWER-DL-CP-101,INCOMING,VOICE
CDR-S36-00311,+91-9883948893,+91-9883950000,2026-08-24T07:01:00Z,27,TOWER-HR-KD-201,OUTGOING,SMS
CDR-S36-00312,+91-9883950000,+91-9883951107,2026-08-24T20:26:00Z,24,TOWER-DL-VK-304,INCOMING,DATA
CDR-S36-00313,+91-9883951107,+91-9883952214,2026-08-24T02:33:00Z,512,TOWER-DL-CP-101,OUTGOING,VOICE
CDR-S36-00314,+91-9883952214,+91-9883953321,2026-08-22T07:11:00Z,22,TOWER-HR-KD-201,INCOMING,SMS
CDR-S36-00315,+91-9883953321,+91-9883948893,2026-08-22T11:25:00Z,581,TOWER-DL-VK-304,OUTGOING,VOICE
CDR-S36-00316,+91-9883948893,+91-9883950000,2026-08-23T04:37:00Z,236,TOWER-DL-CP-101,INCOMING,VOICE
CDR-S36-00317,+91-9883950000,+91-9883951107,2026-08-24T08:22:00Z,1,TOWER-HR-KD-201,OUTGOING,SMS
CDR-S36-00318,+91-9883951107,+91-9883952214,2026-08-22T13:28:00Z,11,TOWER-DL-VK-304,INCOMING,DATA
CDR-S36-00319,+91-9883952214,+91-9883953321,2026-08-24T15:36:00Z,548,TOWER-DL-CP-101,OUTGOING,VOICE
CDR-S36-00320,+91-9883953321,+91-9883948893,2026-08-24T01:05:00Z,9,TOWER-HR-KD-201,INCOMING,SMS
CDR-S36-00321,+91-9883948893,+91-9883950000,2026-08-22T20:39:00Z,192,TOWER-DL-VK-304,OUTGOING,VOICE
CDR-S36-00322,+91-9883950000,+91-9883951107,2026-08-22T11:53:00Z,21,TOWER-DL-CP-101,INCOMING,VOICE
CDR-S36-00323,+91-9883951107,+91-9883952214,2026-08-24T22:10:00Z,19,TOWER-HR-KD-201,OUTGOING,SMS
CDR-S36-00324,+91-9883952214,+91-9883953321,2026-08-23T15:15:00Z,5,TOWER-DL-VK-304,INCOMING,DATA
CDR-S36-00325,+91-9883953321,+91-9883948893,2026-08-25T03:25:00Z,536,TOWER-DL-CP-101,OUTGOING,VOICE
CDR-S36-00326,+91-9883948893,+91-9883950000,2026-08-22T10:28:00Z,4,TOWER-HR-KD-201,INCOMING,SMS
CDR-S36-00327,+91-9883950000,+91-9883951107,2026-08-23T04:49:00Z,212,TOWER-DL-VK-304,OUTGOING,VOICE
CDR-S36-00328,+91-9883951107,+91-9883952214,2026-08-24T13:57:00Z,557,TOWER-DL-CP-101,INCOMING,VOICE
CDR-S36-00329,+91-9883952214,+91-9883953321,2026-08-25T04:33:00Z,22,TOWER-HR-KD-201,OUTGOING,SMS
CDR-S36-00330,+91-9883953321,+91-9883948893,2026-08-24T12:10:00Z,23,TOWER-DL-VK-304,INCOMING,DATA
CDR-S36-00331,+91-9883948893,+91-9883950000,2026-08-25T00:49:00Z,589,TOWER-DL-CP-101,OUTGOING,VOICE
CDR-S36-00332,+91-9883950000,+91-9883951107,2026-08-24T12:11:00Z,10,TOWER-HR-KD-201,INCOMING,SMS
CDR-S36-00333,+91-9883951107,+91-9883952214,2026-08-23T20:00:00Z,266,TOWER-DL-VK-304,OUTGOING,VOICE
CDR-S36-00334,+91-9883952214,+91-9883953321,2026-08-23T21:26:00Z,563,TOWER-DL-CP-101,INCOMING,VOICE
CDR-S36-00335,+91-9883953321,+91-9883948893,2026-08-23T23:42:00Z,28,TOWER-HR-KD-201,OUTGOING,SMS
CDR-S36-00336,+91-9883948893,+91-9883950000,2026-08-22T10:04:00Z,8,TOWER-DL-VK-304,INCOMING,DATA
CDR-S36-00337,+91-9883950000,+91-9883951107,2026-08-23T03:06:00Z,557,TOWER-DL-CP-101,OUTGOING,VOICE
CDR-S36-00338,+91-9883951107,+91-9883952214,2026-08-22T07:14:00Z,9,TOWER-HR-KD-201,INCOMING,SMS
CDR-S36-00339,+91-9883952214,+91-9883953321,2026-08-22T23:08:00Z,28,TOWER-DL-VK-304,OUTGOING,VOICE
CDR-S36-00340,+91-9883953321,+91-9883948893,2026-08-24T12:28:00Z,559,TOWER-DL-CP-101,INCOMING,VOICE
CDR-S36-00341,+91-9883948893,+91-9883950000,2026-08-24T12:34:00Z,20,TOWER-HR-KD-201,OUTGOING,SMS
CDR-S36-00342,+91-9883950000,+91-9883951107,2026-08-25T02:24:00Z,20,TOWER-DL-VK-304,INCOMING,DATA
CDR-S36-00343,+91-9883951107,+91-9883952214,2026-08-25T05:08:00Z,510,TOWER-DL-CP-101,OUTGOING,VOICE
CDR-S36-00344,+91-9883952214,+91-9883953321,2026-08-24T07:04:00Z,5,TOWER-HR-KD-201,INCOMING,SMS
CDR-S36-00345,+91-9883953321,+91-9883948893,2026-08-24T07:35:00Z,437,TOWER-DL-VK-304,OUTGOING,VOICE
CDR-S36-00346,+91-9883948893,+91-9883950000,2026-08-22T11:02:00Z,581,TOWER-DL-CP-101,INCOMING,VOICE
CDR-S36-00347,+91-9883950000,+91-9883951107,2026-08-22T07:19:00Z,27,TOWER-HR-KD-201,OUTGOING,SMS
CDR-S36-00348,+91-9883951107,+91-9883952214,2026-08-24T05:35:00Z,11,TOWER-DL-VK-304,INCOMING,DATA
CDR-S36-00349,+91-9883952214,+91-9883953321,2026-08-23T20:57:00Z,403,TOWER-DL-CP-101,OUTGOING,VOICE
CDR-S36-00350,+91-9883953321,+91-9883948893,2026-08-22T14:44:00Z,16,TOWER-HR-KD-201,INCOMING,SMS
CDR-S36-00351,+91-9883948893,+91-9883950000,2026-08-22T14:18:00Z,106,TOWER-DL-VK-304,OUTGOING,VOICE
CDR-S36-00352,+91-9883950000,+91-9883951107,2026-08-23T09:38:00Z,99,TOWER-DL-CP-101,INCOMING,VOICE
CDR-S36-00353,+91-9883951107,+91-9883952214,2026-08-24T21:11:00Z,21,TOWER-HR-KD-201,OUTGOING,SMS
CDR-S36-00354,+91-9883952214,+91-9883953321,2026-08-24T17:27:00Z,11,TOWER-DL-VK-304,INCOMING,DATA
CDR-S36-00355,+91-9883953321,+91-9883948893,2026-08-23T05:11:00Z,227,TOWER-DL-CP-101,OUTGOING,VOICE
CDR-S36-00356,+91-9883948893,+91-9883950000,2026-08-24T04:35:00Z,11,TOWER-HR-KD-201,INCOMING,SMS
CDR-S36-00357,+91-9883950000,+91-9883951107,2026-08-25T01:24:00Z,424,TOWER-DL-VK-304,OUTGOING,VOICE
CDR-S36-00358,+91-9883951107,+91-9883952214,2026-08-25T04:18:00Z,329,TOWER-DL-CP-101,INCOMING,VOICE
CDR-S36-00359,+91-9883952214,+91-9883953321,2026-08-25T01:30:00Z,17,TOWER-HR-KD-201,OUTGOING,SMS
CDR-S36-00360,+91-9883953321,+91-9883948893,2026-08-22T17:52:00Z,6,TOWER-DL-VK-304,INCOMING,DATA
CDR-S36-00361,+91-9883948893,+91-9883950000,2026-08-23T14:17:00Z,184,TOWER-DL-CP-101,OUTGOING,VOICE
CDR-S36-00362,+91-9883950000,+91-9883951107,2026-08-24T22:30:00Z,6,TOWER-HR-KD-201,INCOMING,SMS
CDR-S36-00363,+91-9883951107,+91-9883952214,2026-08-25T02:36:00Z,336,TOWER-DL-VK-304,OUTGOING,VOICE
CDR-S36-00364,+91-9883952214,+91-9883953321,2026-08-22T11:07:00Z,591,TOWER-DL-CP-101,INCOMING,VOICE
CDR-S36-00365,+91-9883953321,+91-9883948893,2026-08-23T12:35:00Z,5,TOWER-HR-KD-201,OUTGOING,SMS
CDR-S36-00366,+91-9883948893,+91-9883950000,2026-08-22T23:16:00Z,6,TOWER-DL-VK-304,INCOMING,DATA
CDR-S36-00367,+91-9883950000,+91-9883951107,2026-08-22T09:01:00Z,530,TOWER-DL-CP-101,OUTGOING,VOICE
CDR-S36-00368,+91-9883951107,+91-9883952214,2026-08-24T14:36:00Z,5,TOWER-HR-KD-201,INCOMING,SMS
CDR-S36-00369,+91-9883952214,+91-9883953321,2026-08-24T18:10:00Z,212,TOWER-DL-VK-304,OUTGOING,VOICE
CDR-S36-00370,+91-9883953321,+91-9883948893,2026-08-22T18:45:00Z,228,TOWER-DL-CP-101,INCOMING,VOICE
CDR-S36-00371,+91-9883948893,+91-9883950000,2026-08-23T07:16:00Z,10,TOWER-HR-KD-201,OUTGOING,SMS
CDR-S36-00372,+91-9883950000,+91-9883951107,2026-08-24T23:15:00Z,26,TOWER-DL-VK-304,INCOMING,DATA
CDR-S36-00373,+91-9883951107,+91-9883952214,2026-08-23T00:23:00Z,166,TOWER-DL-CP-101,OUTGOING,VOICE
CDR-S36-00374,+91-9883952214,+91-9883953321,2026-08-23T05:38:00Z,11,TOWER-HR-KD-201,INCOMING,SMS
CDR-S36-00375,+91-9883953321,+91-9883948893,2026-08-24T10:50:00Z,279,TOWER-DL-VK-304,OUTGOING,VOICE
CDR-S36-00376,+91-9883948893,+91-9883950000,2026-08-22T07:18:00Z,466,TOWER-DL-CP-101,INCOMING,VOICE
CDR-S36-00377,+91-9883950000,+91-9883951107,2026-08-22T12:14:00Z,26,TOWER-HR-KD-201,OUTGOING,SMS
CDR-S36-00378,+91-9883951107,+91-9883952214,2026-08-24T05:02:00Z,2,TOWER-DL-VK-304,INCOMING,DATA
CDR-S36-00379,+91-9883952214,+91-9883953321,2026-08-23T16:30:00Z,133,TOWER-DL-CP-101,OUTGOING,VOICE
CDR-S36-00380,+91-9883953321,+91-9883948893,2026-08-24T09:55:00Z,16,TOWER-HR-KD-201,INCOMING,SMS
CDR-S36-00381,+91-9883948893,+91-9883950000,2026-08-22T11:10:00Z,437,TOWER-DL-VK-304,OUTGOING,VOICE
CDR-S36-00382,+91-9883950000,+91-9883951107,2026-08-22T17:52:00Z,465,TOWER-DL-CP-101,INCOMING,VOICE
CDR-S36-00383,+91-9883951107,+91-9883952214,2026-08-23T22:19:00Z,15,TOWER-HR-KD-201,OUTGOING,SMS
CDR-S36-00384,+91-9883952214,+91-9883953321,2026-08-24T06:26:00Z,15,TOWER-DL-VK-304,INCOMING,DATA
CDR-S36-00385,+91-9883953321,+91-9883948893,2026-08-24T14:32:00Z,524,TOWER-DL-CP-101,OUTGOING,VOICE
CDR-S36-00386,+91-9883948893,+91-9883950000,2026-08-22T07:42:00Z,2,TOWER-HR-KD-201,INCOMING,SMS
CDR-S36-00387,+91-9883950000,+91-9883951107,2026-08-24T07:18:00Z,158,TOWER-DL-VK-304,OUTGOING,VOICE
CDR-S36-00388,+91-9883951107,+91-9883952214,2026-08-24T06:21:00Z,569,TOWER-DL-CP-101,INCOMING,VOICE
CDR-S36-00389,+91-9883952214,+91-9883953321,2026-08-23T08:57:00Z,2,TOWER-HR-KD-201,OUTGOING,SMS
CDR-S36-00390,+91-9883953321,+91-9883948893,2026-08-22T13:57:00Z,30,TOWER-DL-VK-304,INCOMING,DATA
CDR-S36-00391,+91-9883948893,+91-9883950000,2026-08-22T17:05:00Z,302,TOWER-DL-CP-101,OUTGOING,VOICE
CDR-S36-00392,+91-9883950000,+91-9883951107,2026-08-22T12:25:00Z,24,TOWER-HR-KD-201,INCOMING,SMS
CDR-S36-00393,+91-9883951107,+91-9883952214,2026-08-23T13:19:00Z,495,TOWER-DL-VK-304,OUTGOING,VOICE
CDR-S36-00394,+91-9883952214,+91-9883953321,2026-08-23T18:19:00Z,286,TOWER-DL-CP-101,INCOMING,VOICE
CDR-S36-00395,+91-9883953321,+91-9883948893,2026-08-24T13:51:00Z,7,TOWER-HR-KD-201,OUTGOING,SMS
CDR-S36-00396,+91-9883948893,+91-9883950000,2026-08-23T03:31:00Z,3,TOWER-DL-VK-304,INCOMING,DATA
CDR-S36-00397,+91-9883950000,+91-9883951107,2026-08-24T13:47:00Z,135,TOWER-DL-CP-101,OUTGOING,VOICE
CDR-S36-00398,+91-9883951107,+91-9883952214,2026-08-23T06:11:00Z,16,TOWER-HR-KD-201,INCOMING,SMS
CDR-S36-00399,+91-9883952214,+91-9883953321,2026-08-23T12:57:00Z,300,TOWER-DL-VK-304,OUTGOING,VOICE
CDR-S36-00400,+91-9883953321,+91-9883948893,2026-08-23T15:22:00Z,45,TOWER-DL-CP-101,INCOMING,VOICE
CDR-S36-00401,+91-9883948893,+91-9883950000,2026-08-22T16:42:00Z,14,TOWER-HR-KD-201,OUTGOING,SMS
CDR-S36-00402,+91-9883950000,+91-9883951107,2026-08-25T01:42:00Z,9,TOWER-DL-VK-304,INCOMING,DATA
CDR-S36-00403,+91-9883951107,+91-9883952214,2026-08-24T00:56:00Z,534,TOWER-DL-CP-101,OUTGOING,VOICE
CDR-S36-00404,+91-9883952214,+91-9883953321,2026-08-23T15:25:00Z,22,TOWER-HR-KD-201,INCOMING,SMS
CDR-S36-00405,+91-9883953321,+91-9883948893,2026-08-22T10:11:00Z,195,TOWER-DL-VK-304,OUTGOING,VOICE
CDR-S36-00406,+91-9883948893,+91-9883950000,2026-08-24T23:32:00Z,190,TOWER-DL-CP-101,INCOMING,VOICE
CDR-S36-00407,+91-9883950000,+91-9883951107,2026-08-23T05:57:00Z,27,TOWER-HR-KD-201,OUTGOING,SMS
CDR-S36-00408,+91-9883951107,+91-9883952214,2026-08-22T17:48:00Z,3,TOWER-DL-VK-304,INCOMING,DATA
CDR-S36-00409,+91-9883952214,+91-9883953321,2026-08-24T11:10:00Z,552,TOWER-DL-CP-101,OUTGOING,VOICE
CDR-S36-00410,+91-9883953321,+91-9883948893,2026-08-24T03:44:00Z,2,TOWER-HR-KD-201,INCOMING,SMS
CDR-S36-00411,+91-9883948893,+91-9883950000,2026-08-23T14:18:00Z,175,TOWER-DL-VK-304,OUTGOING,VOICE
CDR-S36-00412,+91-9883950000,+91-9883951107,2026-08-23T02:38:00Z,195,TOWER-DL-CP-101,INCOMING,VOICE
CDR-S36-00413,+91-9883951107,+91-9883952214,2026-08-23T09:37:00Z,1,TOWER-HR-KD-201,OUTGOING,SMS
CDR-S36-00414,+91-9883952214,+91-9883953321,2026-08-24T10:01:00Z,27,TOWER-DL-VK-304,INCOMING,DATA
CDR-S36-00415,+91-9883953321,+91-9883948893,2026-08-22T19:06:00Z,498,TOWER-DL-CP-101,OUTGOING,VOICE
CDR-S36-00416,+91-9883948893,+91-9883950000,2026-08-24T04:16:00Z,29,TOWER-HR-KD-201,INCOMING,SMS
CDR-S36-00417,+91-9883950000,+91-9883951107,2026-08-24T11:50:00Z,308,TOWER-DL-VK-304,OUTGOING,VOICE
CDR-S36-00418,+91-9883951107,+91-9883952214,2026-08-23T09:19:00Z,293,TOWER-DL-CP-101,INCOMING,VOICE
CDR-S36-00419,+91-9883952214,+91-9883953321,2026-08-22T19:57:00Z,6,TOWER-HR-KD-201,OUTGOING,SMS
CDR-S36-00420,+91-9883953321,+91-9883948893,2026-08-23T17:21:00Z,19,TOWER-DL-VK-304,INCOMING,DATA
CDR-S36-00421,+91-9883948893,+91-9883950000,2026-08-23T18:48:00Z,144,TOWER-DL-CP-101,OUTGOING,VOICE
CDR-S36-00422,+91-9883950000,+91-9883951107,2026-08-22T19:57:00Z,14,TOWER-HR-KD-201,INCOMING,SMS
CDR-S36-00423,+91-9883951107,+91-9883952214,2026-08-24T16:09:00Z,19,TOWER-DL-VK-304,OUTGOING,VOICE
CDR-S36-00424,+91-9883952214,+91-9883953321,2026-08-25T02:26:00Z,291,TOWER-DL-CP-101,INCOMING,VOICE
CDR-S36-00425,+91-9883953321,+91-9883948893,2026-08-24T15:33:00Z,27,TOWER-HR-KD-201,OUTGOING,SMS
CDR-S36-00426,+91-9883948893,+91-9883950000,2026-08-24T23:11:00Z,6,TOWER-DL-VK-304,INCOMING,DATA
CDR-S36-00427,+91-9883950000,+91-9883951107,2026-08-24T14:04:00Z,455,TOWER-DL-CP-101,OUTGOING,VOICE
CDR-S36-00428,+91-9883951107,+91-9883952214,2026-08-23T02:55:00Z,25,TOWER-HR-KD-201,INCOMING,SMS
CDR-S36-00429,+91-9883952214,+91-9883953321,2026-08-22T15:26:00Z,570,TOWER-DL-VK-304,OUTGOING,VOICE
CDR-S36-00430,+91-9883953321,+91-9883948893,2026-08-24T21:37:00Z,117,TOWER-DL-CP-101,INCOMING,VOICE
CDR-S36-00431,+91-9883948893,+91-9883950000,2026-08-23T04:07:00Z,28,TOWER-HR-KD-201,OUTGOING,SMS
CDR-S36-00432,+91-9883950000,+91-9883951107,2026-08-22T10:12:00Z,15,TOWER-DL-VK-304,INCOMING,DATA
CDR-S36-00433,+91-9883951107,+91-9883952214,2026-08-24T18:43:00Z,386,TOWER-DL-CP-101,OUTGOING,VOICE
CDR-S36-00434,+91-9883952214,+91-9883953321,2026-08-24T13:52:00Z,23,TOWER-HR-KD-201,INCOMING,SMS
CDR-S36-00435,+91-9883953321,+91-9883948893,2026-08-24T19:40:00Z,504,TOWER-DL-VK-304,OUTGOING,VOICE
CDR-S36-00436,+91-9883948893,+91-9883950000,2026-08-22T14:28:00Z,64,TOWER-DL-CP-101,INCOMING,VOICE
CDR-S36-00437,+91-9883950000,+91-9883951107,2026-08-25T02:25:00Z,25,TOWER-HR-KD-201,OUTGOING,SMS
CDR-S36-00438,+91-9883951107,+91-9883952214,2026-08-24T09:36:00Z,5,TOWER-DL-VK-304,INCOMING,DATA
CDR-S36-00439,+91-9883952214,+91-9883953321,2026-08-23T10:39:00Z,243,TOWER-DL-CP-101,OUTGOING,VOICE
CDR-S36-00440,+91-9883953321,+91-9883948893,2026-08-22T09:51:00Z,9,TOWER-HR-KD-201,INCOMING,SMS
CDR-S36-00441,+91-9883948893,+91-9883950000,2026-08-22T21:07:00Z,50,TOWER-DL-VK-304,OUTGOING,VOICE
CDR-S36-00442,+91-9883950000,+91-9883951107,2026-08-23T18:31:00Z,166,TOWER-DL-CP-101,INCOMING,VOICE
CDR-S36-00443,+91-9883951107,+91-9883952214,2026-08-24T07:54:00Z,14,TOWER-HR-KD-201,OUTGOING,SMS
CDR-S36-00444,+91-9883952214,+91-9883953321,2026-08-22T20:21:00Z,25,TOWER-DL-VK-304,INCOMING,DATA
CDR-S36-00445,+91-9883953321,+91-9883948893,2026-08-22T07:24:00Z,213,TOWER-DL-CP-101,OUTGOING,VOICE
CDR-S36-00446,+91-9883948893,+91-9883950000,2026-08-23T11:14:00Z,29,TOWER-HR-KD-201,INCOMING,SMS
CDR-S36-00447,+91-9883950000,+91-9883951107,2026-08-23T15:52:00Z,478,TOWER-DL-VK-304,OUTGOING,VOICE
CDR-S36-00448,+91-9883951107,+91-9883952214,2026-08-23T13:41:00Z,258,TOWER-DL-CP-101,INCOMING,VOICE
CDR-S36-00449,+91-9883952214,+91-9883953321,2026-08-22T14:04:00Z,30,TOWER-HR-KD-201,OUTGOING,SMS
CDR-S36-00450,+91-9883953321,+91-9883948893,2026-08-23T11:49:00Z,9,TOWER-DL-VK-304,INCOMING,DATA
CDR-S36-00451,+91-9883948893,+91-9883950000,2026-08-24T23:14:00Z,281,TOWER-DL-CP-101,OUTGOING,VOICE
CDR-S36-00452,+91-9883950000,+91-9883951107,2026-08-23T17:39:00Z,18,TOWER-HR-KD-201,INCOMING,SMS
CDR-S36-00453,+91-9883951107,+91-9883952214,2026-08-22T10:23:00Z,349,TOWER-DL-VK-304,OUTGOING,VOICE
CDR-S36-00454,+91-9883952214,+91-9883953321,2026-08-24T04:08:00Z,230,TOWER-DL-CP-101,INCOMING,VOICE
CDR-S36-00455,+91-9883953321,+91-9883948893,2026-08-23T01:32:00Z,14,TOWER-HR-KD-201,OUTGOING,SMS
CDR-S36-00456,+91-9883948893,+91-9883950000,2026-08-23T12:07:00Z,16,TOWER-DL-VK-304,INCOMING,DATA
CDR-S36-00457,+91-9883950000,+91-9883951107,2026-08-25T05:24:00Z,235,TOWER-DL-CP-101,OUTGOING,VOICE
CDR-S36-00458,+91-9883951107,+91-9883952214,2026-08-24T08:48:00Z,24,TOWER-HR-KD-201,INCOMING,SMS
CDR-S36-00459,+91-9883952214,+91-9883953321,2026-08-24T08:35:00Z,391,TOWER-DL-VK-304,OUTGOING,VOICE
CDR-S36-00460,+91-9883953321,+91-9883948893,2026-08-25T04:40:00Z,295,TOWER-DL-CP-101,INCOMING,VOICE
CDR-S36-00461,+91-9883948893,+91-9883950000,2026-08-25T04:17:00Z,18,TOWER-HR-KD-201,OUTGOING,SMS
CDR-S36-00462,+91-9883950000,+91-9883951107,2026-08-23T11:44:00Z,16,TOWER-DL-VK-304,INCOMING,DATA
CDR-S36-00463,+91-9883951107,+91-9883952214,2026-08-24T00:44:00Z,16,TOWER-DL-CP-101,OUTGOING,VOICE
CDR-S36-00464,+91-9883952214,+91-9883953321,2026-08-24T22:35:00Z,24,TOWER-HR-KD-201,INCOMING,SMS
CDR-S36-00465,+91-9883953321,+91-9883948893,2026-08-25T03:05:00Z,96,TOWER-DL-VK-304,OUTGOING,VOICE
CDR-S36-00466,+91-9883948893,+91-9883950000,2026-08-23T13:17:00Z,381,TOWER-DL-CP-101,INCOMING,VOICE
CDR-S36-00467,+91-9883950000,+91-9883951107,2026-08-24T05:00:00Z,23,TOWER-HR-KD-201,OUTGOING,SMS
CDR-S36-00468,+91-9883951107,+91-9883952214,2026-08-22T16:26:00Z,12,TOWER-DL-VK-304,INCOMING,DATA
CDR-S36-00469,+91-9883952214,+91-9883953321,2026-08-22T22:40:00Z,140,TOWER-DL-CP-101,OUTGOING,VOICE
CDR-S36-00470,+91-9883953321,+91-9883948893,2026-08-23T01:34:00Z,20,TOWER-HR-KD-201,INCOMING,SMS
CDR-S36-00471,+91-9883948893,+91-9883950000,2026-08-25T04:58:00Z,184,TOWER-DL-VK-304,OUTGOING,VOICE
CDR-S36-00472,+91-9883950000,+91-9883951107,2026-08-24T19:54:00Z,494,TOWER-DL-CP-101,INCOMING,VOICE
CDR-S36-00473,+91-9883951107,+91-9883952214,2026-08-22T14:51:00Z,29,TOWER-HR-KD-201,OUTGOING,SMS
CDR-S36-00474,+91-9883952214,+91-9883953321,2026-08-24T00:39:00Z,11,TOWER-DL-VK-304,INCOMING,DATA
CDR-S36-00475,+91-9883953321,+91-9883948893,2026-08-25T00:26:00Z,586,TOWER-DL-CP-101,OUTGOING,VOICE
CDR-S36-00476,+91-9883948893,+91-9883950000,2026-08-23T16:29:00Z,29,TOWER-HR-KD-201,INCOMING,SMS
CDR-S36-00477,+91-9883950000,+91-9883951107,2026-08-22T10:07:00Z,35,TOWER-DL-VK-304,OUTGOING,VOICE
CDR-S36-00478,+91-9883951107,+91-9883952214,2026-08-24T22:31:00Z,386,TOWER-DL-CP-101,INCOMING,VOICE
CDR-S36-00479,+91-9883952214,+91-9883953321,2026-08-24T04:02:00Z,1,TOWER-HR-KD-201,OUTGOING,SMS
CDR-S36-00480,+91-9883953321,+91-9883948893,2026-08-23T06:46:00Z,6,TOWER-DL-VK-304,INCOMING,DATA
CDR-S36-00481,+91-9883948893,+91-9883950000,2026-08-23T23:04:00Z,75,TOWER-DL-CP-101,OUTGOING,VOICE
CDR-S36-00482,+91-9883950000,+91-9883951107,2026-08-23T11:29:00Z,8,TOWER-HR-KD-201,INCOMING,SMS
CDR-S36-00483,+91-9883951107,+91-9883952214,2026-08-24T12:09:00Z,574,TOWER-DL-VK-304,OUTGOING,VOICE
CDR-S36-00484,+91-9883952214,+91-9883953321,2026-08-22T11:38:00Z,514,TOWER-DL-CP-101,INCOMING,VOICE
CDR-S36-00485,+91-9883953321,+91-9883948893,2026-08-24T19:44:00Z,6,TOWER-HR-KD-201,OUTGOING,SMS
CDR-S36-00486,+91-9883948893,+91-9883950000,2026-08-22T12:12:00Z,12,TOWER-DL-VK-304,INCOMING,DATA
CDR-S36-00487,+91-9883950000,+91-9883951107,2026-08-23T09:31:00Z,336,TOWER-DL-CP-101,OUTGOING,VOICE
CDR-S36-00488,+91-9883951107,+91-9883952214,2026-08-25T03:32:00Z,7,TOWER-HR-KD-201,INCOMING,SMS
CDR-S36-00489,+91-9883952214,+91-9883953321,2026-08-22T21:04:00Z,487,TOWER-DL-VK-304,OUTGOING,VOICE
CDR-S36-00490,+91-9883953321,+91-9883948893,2026-08-24T09:21:00Z,113,TOWER-DL-CP-101,INCOMING,VOICE
CDR-S36-00491,+91-9883948893,+91-9883950000,2026-08-25T00:49:00Z,29,TOWER-HR-KD-201,OUTGOING,SMS
CDR-S36-00492,+91-9883950000,+91-9883951107,2026-08-22T16:28:00Z,10,TOWER-DL-VK-304,INCOMING,DATA
CDR-S36-00493,+91-9883951107,+91-9883952214,2026-08-24T03:20:00Z,94,TOWER-DL-CP-101,OUTGOING,VOICE
CDR-S36-00494,+91-9883952214,+91-9883953321,2026-08-23T23:52:00Z,1,TOWER-HR-KD-201,INCOMING,SMS
CDR-S36-00495,+91-9883953321,+91-9883948893,2026-08-23T23:37:00Z,355,TOWER-DL-VK-304,OUTGOING,VOICE
CDR-S36-00496,+91-9883948893,+91-9883950000,2026-08-22T18:33:00Z,403,TOWER-DL-CP-101,INCOMING,VOICE
CDR-S36-00497,+91-9883950000,+91-9883951107,2026-08-24T07:30:00Z,14,TOWER-HR-KD-201,OUTGOING,SMS
CDR-S36-00498,+91-9883951107,+91-9883952214,2026-08-25T05:22:00Z,9,TOWER-DL-VK-304,INCOMING,DATA
CDR-S36-00499,+91-9883952214,+91-9883953321,2026-08-24T03:00:00Z,368,TOWER-DL-CP-101,OUTGOING,VOICE
CDR-S36-00500,+91-9883953321,+91-9883948893,2026-08-24T00:54:00Z,7,TOWER-HR-KD-201,INCOMING,SMS
CDR-S36-00501,+91-9883948893,+91-9883950000,2026-08-23T10:01:00Z,221,TOWER-DL-VK-304,OUTGOING,VOICE
CDR-S36-00502,+91-9883950000,+91-9883951107,2026-08-22T17:24:00Z,349,TOWER-DL-CP-101,INCOMING,VOICE
CDR-S36-00503,+91-9883951107,+91-9883952214,2026-08-24T19:43:00Z,11,TOWER-HR-KD-201,OUTGOING,SMS
CDR-S36-00504,+91-9883952214,+91-9883953321,2026-08-22T22:57:00Z,12,TOWER-DL-VK-304,INCOMING,DATA
CDR-S36-00505,+91-9883953321,+91-9883948893,2026-08-23T10:29:00Z,506,TOWER-DL-CP-101,OUTGOING,VOICE
CDR-S36-00506,+91-9883948893,+91-9883950000,2026-08-24T22:24:00Z,19,TOWER-HR-KD-201,INCOMING,SMS
CDR-S36-00507,+91-9883950000,+91-9883951107,2026-08-24T03:28:00Z,433,TOWER-DL-VK-304,OUTGOING,VOICE
CDR-S36-00508,+91-9883951107,+91-9883952214,2026-08-23T20:05:00Z,24,TOWER-DL-CP-101,INCOMING,VOICE
CDR-S36-00509,+91-9883952214,+91-9883953321,2026-08-23T00:04:00Z,15,TOWER-HR-KD-201,OUTGOING,SMS
CDR-S36-00510,+91-9883953321,+91-9883948893,2026-08-24T00:08:00Z,30,TOWER-DL-VK-304,INCOMING,DATA
CDR-S36-00511,+91-9883948893,+91-9883950000,2026-08-24T11:38:00Z,278,TOWER-DL-CP-101,OUTGOING,VOICE
CDR-S36-00512,+91-9883950000,+91-9883951107,2026-08-24T13:59:00Z,13,TOWER-HR-KD-201,INCOMING,SMS
CDR-S36-00513,+91-9883951107,+91-9883952214,2026-08-23T13:25:00Z,504,TOWER-DL-VK-304,OUTGOING,VOICE
CDR-S36-00514,+91-9883952214,+91-9883953321,2026-08-23T22:51:00Z,354,TOWER-DL-CP-101,INCOMING,VOICE
CDR-S36-00515,+91-9883953321,+91-9883948893,2026-08-22T08:04:00Z,21,TOWER-HR-KD-201,OUTGOING,SMS
CDR-S36-00516,+91-9883948893,+91-9883950000,2026-08-23T22:30:00Z,23,TOWER-DL-VK-304,INCOMING,DATA
CDR-S36-00517,+91-9883950000,+91-9883951107,2026-08-22T12:52:00Z,436,TOWER-DL-CP-101,OUTGOING,VOICE
CDR-S36-00518,+91-9883951107,+91-9883952214,2026-08-23T03:17:00Z,16,TOWER-HR-KD-201,INCOMING,SMS
CDR-S36-00519,+91-9883952214,+91-9883953321,2026-08-23T09:18:00Z,161,TOWER-DL-VK-304,OUTGOING,VOICE
CDR-S36-00520,+91-9883953321,+91-9883948893,2026-08-24T11:25:00Z,505,TOWER-DL-CP-101,INCOMING,VOICE
CDR-S36-00521,+91-9883948893,+91-9883950000,2026-08-23T00:09:00Z,13,TOWER-HR-KD-201,OUTGOING,SMS
CDR-S36-00522,+91-9883950000,+91-9883951107,2026-08-23T14:39:00Z,12,TOWER-DL-VK-304,INCOMING,DATA
CDR-S36-00523,+91-9883951107,+91-9883952214,2026-08-23T20:02:00Z,561,TOWER-DL-CP-101,OUTGOING,VOICE
CDR-S36-00524,+91-9883952214,+91-9883953321,2026-08-23T23:53:00Z,18,TOWER-HR-KD-201,INCOMING,SMS
CDR-S36-00525,+91-9883953321,+91-9883948893,2026-08-22T18:34:00Z,81,TOWER-DL-VK-304,OUTGOING,VOICE
CDR-S36-00526,+91-9883948893,+91-9883950000,2026-08-23T22:16:00Z,409,TOWER-DL-CP-101,INCOMING,VOICE
CDR-S36-00527,+91-9883950000,+91-9883951107,2026-08-23T12:23:00Z,8,TOWER-HR-KD-201,OUTGOING,SMS
CDR-S36-00528,+91-9883951107,+91-9883952214,2026-08-23T18:01:00Z,24,TOWER-DL-VK-304,INCOMING,DATA
CDR-S36-00529,+91-9883952214,+91-9883953321,2026-08-23T16:08:00Z,543,TOWER-DL-CP-101,OUTGOING,VOICE
CDR-S36-00530,+91-9883953321,+91-9883948893,2026-08-24T20:10:00Z,24,TOWER-HR-KD-201,INCOMING,SMS
CDR-S36-00531,+91-9883948893,+91-9883950000,2026-08-24T08:22:00Z,472,TOWER-DL-VK-304,OUTGOING,VOICE
CDR-S36-00532,+91-9883950000,+91-9883951107,2026-08-22T10:19:00Z,161,TOWER-DL-CP-101,INCOMING,VOICE
CDR-S36-00533,+91-9883951107,+91-9883952214,2026-08-24T17:46:00Z,21,TOWER-HR-KD-201,OUTGOING,SMS
CDR-S36-00534,+91-9883952214,+91-9883953321,2026-08-22T13:15:00Z,25,TOWER-DL-VK-304,INCOMING,DATA
CDR-S36-00535,+91-9883953321,+91-9883948893,2026-08-23T19:15:00Z,537,TOWER-DL-CP-101,OUTGOING,VOICE
CDR-S36-00536,+91-9883948893,+91-9883950000,2026-08-24T01:48:00Z,13,TOWER-HR-KD-201,INCOMING,SMS
CDR-S36-00537,+91-9883950000,+91-9883951107,2026-08-25T01:34:00Z,330,TOWER-DL-VK-304,OUTGOING,VOICE
CDR-S36-00538,+91-9883951107,+91-9883952214,2026-08-24T22:13:00Z,380,TOWER-DL-CP-101,INCOMING,VOICE
CDR-S36-00539,+91-9883952214,+91-9883953321,2026-08-24T09:27:00Z,4,TOWER-HR-KD-201,OUTGOING,SMS
CDR-S36-00540,+91-9883953321,+91-9883948893,2026-08-22T09:49:00Z,7,TOWER-DL-VK-304,INCOMING,DATA
CDR-S36-00541,+91-9883948893,+91-9883950000,2026-08-23T04:09:00Z,424,TOWER-DL-CP-101,OUTGOING,VOICE
CDR-S36-00542,+91-9883950000,+91-9883951107,2026-08-24T02:39:00Z,13,TOWER-HR-KD-201,INCOMING,SMS
CDR-S36-00543,+91-9883951107,+91-9883952214,2026-08-23T06:25:00Z,395,TOWER-DL-VK-304,OUTGOING,VOICE
CDR-S36-00544,+91-9883952214,+91-9883953321,2026-08-24T23:56:00Z,382,TOWER-DL-CP-101,INCOMING,VOICE
CDR-S36-00545,+91-9883953321,+91-9883948893,2026-08-24T16:27:00Z,11,TOWER-HR-KD-201,OUTGOING,SMS
CDR-S36-00546,+91-9883948893,+91-9883950000,2026-08-23T19:21:00Z,17,TOWER-DL-VK-304,INCOMING,DATA
CDR-S36-00547,+91-9883950000,+91-9883951107,2026-08-22T17:39:00Z,91,TOWER-DL-CP-101,OUTGOING,VOICE
CDR-S36-00548,+91-9883951107,+91-9883952214,2026-08-24T17:48:00Z,2,TOWER-HR-KD-201,INCOMING,SMS
CDR-S36-00549,+91-9883952214,+91-9883953321,2026-08-22T22:02:00Z,74,TOWER-DL-VK-304,OUTGOING,VOICE
CDR-S36-00550,+91-9883953321,+91-9883948893,2026-08-24T15:52:00Z,151,TOWER-DL-CP-101,INCOMING,VOICE
CDR-S36-00551,+91-9883948893,+91-9883950000,2026-08-24T08:22:00Z,8,TOWER-HR-KD-201,OUTGOING,SMS
CDR-S36-00552,+91-9883950000,+91-9883951107,2026-08-22T19:06:00Z,4,TOWER-DL-VK-304,INCOMING,DATA
CDR-S36-00553,+91-9883951107,+91-9883952214,2026-08-23T13:18:00Z,490,TOWER-DL-CP-101,OUTGOING,VOICE
CDR-S36-00554,+91-9883952214,+91-9883953321,2026-08-24T23:40:00Z,29,TOWER-HR-KD-201,INCOMING,SMS
CDR-S36-00555,+91-9883953321,+91-9883948893,2026-08-24T03:55:00Z,230,TOWER-DL-VK-304,OUTGOING,VOICE
CDR-S36-00556,+91-9883948893,+91-9883950000,2026-08-24T00:59:00Z,370,TOWER-DL-CP-101,INCOMING,VOICE
CDR-S36-00557,+91-9883950000,+91-9883951107,2026-08-23T06:55:00Z,26,TOWER-HR-KD-201,OUTGOING,SMS
CDR-S36-00558,+91-9883951107,+91-9883952214,2026-08-24T14:29:00Z,23,TOWER-DL-VK-304,INCOMING,DATA
CDR-S36-00559,+91-9883952214,+91-9883953321,2026-08-25T04:06:00Z,318,TOWER-DL-CP-101,OUTGOING,VOICE
CDR-S36-00560,+91-9883953321,+91-9883948893,2026-08-24T16:29:00Z,2,TOWER-HR-KD-201,INCOMING,SMS
CDR-S36-00561,+91-9883948893,+91-9883950000,2026-08-23T23:22:00Z,473,TOWER-DL-VK-304,OUTGOING,VOICE
CDR-S36-00562,+91-9883950000,+91-9883951107,2026-08-23T07:41:00Z,33,TOWER-DL-CP-101,INCOMING,VOICE
CDR-S36-00563,+91-9883951107,+91-9883952214,2026-08-25T04:49:00Z,28,TOWER-HR-KD-201,OUTGOING,SMS
CDR-S36-00564,+91-9883952214,+91-9883953321,2026-08-25T05:52:00Z,24,TOWER-DL-VK-304,INCOMING,DATA
CDR-S36-00565,+91-9883953321,+91-9883948893,2026-08-23T03:12:00Z,27,TOWER-DL-CP-101,OUTGOING,VOICE
CDR-S36-00566,+91-9883948893,+91-9883950000,2026-08-25T00:40:00Z,25,TOWER-HR-KD-201,INCOMING,SMS
CDR-S36-00567,+91-9883950000,+91-9883951107,2026-08-22T17:22:00Z,405,TOWER-DL-VK-304,OUTGOING,VOICE
CDR-S36-00568,+91-9883951107,+91-9883952214,2026-08-24T01:32:00Z,382,TOWER-DL-CP-101,INCOMING,VOICE
CDR-S36-00569,+91-9883952214,+91-9883953321,2026-08-23T07:03:00Z,1,TOWER-HR-KD-201,OUTGOING,SMS
CDR-S36-00570,+91-9883953321,+91-9883948893,2026-08-24T08:39:00Z,28,TOWER-DL-VK-304,INCOMING,DATA
CDR-S36-00571,+91-9883948893,+91-9883950000,2026-08-23T05:49:00Z,587,TOWER-DL-CP-101,OUTGOING,VOICE
CDR-S36-00572,+91-9883950000,+91-9883951107,2026-08-23T07:45:00Z,2,TOWER-HR-KD-201,INCOMING,SMS
CDR-S36-00573,+91-9883951107,+91-9883952214,2026-08-25T02:19:00Z,280,TOWER-DL-VK-304,OUTGOING,VOICE
CDR-S36-00574,+91-9883952214,+91-9883953321,2026-08-23T00:17:00Z,327,TOWER-DL-CP-101,INCOMING,VOICE
CDR-S36-00575,+91-9883953321,+91-9883948893,2026-08-23T20:45:00Z,7,TOWER-HR-KD-201,OUTGOING,SMS
CDR-S36-00576,+91-9883948893,+91-9883950000,2026-08-22T10:32:00Z,19,TOWER-DL-VK-304,INCOMING,DATA
CDR-S36-00577,+91-9883950000,+91-9883951107,2026-08-23T22:54:00Z,198,TOWER-DL-CP-101,OUTGOING,VOICE
CDR-S36-00578,+91-9883951107,+91-9883952214,2026-08-22T12:44:00Z,16,TOWER-HR-KD-201,INCOMING,SMS
CDR-S36-00579,+91-9883952214,+91-9883953321,2026-08-24T16:02:00Z,40,TOWER-DL-VK-304,OUTGOING,VOICE
CDR-S36-00580,+91-9883953321,+91-9883948893,2026-08-23T17:06:00Z,467,TOWER-DL-CP-101,INCOMING,VOICE
CDR-S36-00581,+91-9883948893,+91-9883950000,2026-08-23T06:23:00Z,20,TOWER-HR-KD-201,OUTGOING,SMS
CDR-S36-00582,+91-9883950000,+91-9883951107,2026-08-23T03:58:00Z,28,TOWER-DL-VK-304,INCOMING,DATA
CDR-S36-00583,+91-9883951107,+91-9883952214,2026-08-22T09:07:00Z,568,TOWER-DL-CP-101,OUTGOING,VOICE
CDR-S36-00584,+91-9883952214,+91-9883953321,2026-08-22T13:59:00Z,19,TOWER-HR-KD-201,INCOMING,SMS
CDR-S36-00585,+91-9883953321,+91-9883948893,2026-08-22T07:59:00Z,359,TOWER-DL-VK-304,OUTGOING,VOICE
CDR-S36-00586,+91-9883948893,+91-9883950000,2026-08-23T15:47:00Z,97,TOWER-DL-CP-101,INCOMING,VOICE
CDR-S36-00587,+91-9883950000,+91-9883951107,2026-08-23T12:24:00Z,12,TOWER-HR-KD-201,OUTGOING,SMS
CDR-S36-00588,+91-9883951107,+91-9883952214,2026-08-24T09:02:00Z,8,TOWER-DL-VK-304,INCOMING,DATA
CDR-S36-00589,+91-9883952214,+91-9883953321,2026-08-23T11:05:00Z,31,TOWER-DL-CP-101,OUTGOING,VOICE
CDR-S36-00590,+91-9883953321,+91-9883948893,2026-08-22T09:39:00Z,27,TOWER-HR-KD-201,INCOMING,SMS
CDR-S36-00591,+91-9883948893,+91-9883950000,2026-08-22T18:58:00Z,182,TOWER-DL-VK-304,OUTGOING,VOICE
CDR-S36-00592,+91-9883950000,+91-9883951107,2026-08-23T00:10:00Z,62,TOWER-DL-CP-101,INCOMING,VOICE
CDR-S36-00593,+91-9883951107,+91-9883952214,2026-08-24T10:05:00Z,29,TOWER-HR-KD-201,OUTGOING,SMS
CDR-S36-00594,+91-9883952214,+91-9883953321,2026-08-23T22:47:00Z,23,TOWER-DL-VK-304,INCOMING,DATA
CDR-S36-00595,+91-9883953321,+91-9883948893,2026-08-22T10:44:00Z,403,TOWER-DL-CP-101,OUTGOING,VOICE
CDR-S36-00596,+91-9883948893,+91-9883950000,2026-08-24T16:10:00Z,10,TOWER-HR-KD-201,INCOMING,SMS
CDR-S36-00597,+91-9883950000,+91-9883951107,2026-08-22T17:17:00Z,291,TOWER-DL-VK-304,OUTGOING,VOICE
CDR-S36-00598,+91-9883951107,+91-9883952214,2026-08-22T13:53:00Z,290,TOWER-DL-CP-101,INCOMING,VOICE
CDR-S36-00599,+91-9883952214,+91-9883953321,2026-08-24T01:37:00Z,12,TOWER-HR-KD-201,OUTGOING,SMS
CDR-S36-00600,+91-9883953321,+91-9883948893,2026-08-23T19:57:00Z,18,TOWER-DL-VK-304,INCOMING,DATA
CDR-S36-00601,+91-9883948893,+91-9883950000,2026-08-24T14:46:00Z,572,TOWER-DL-CP-101,OUTGOING,VOICE
CDR-S36-00602,+91-9883950000,+91-9883951107,2026-08-23T21:35:00Z,4,TOWER-HR-KD-201,INCOMING,SMS
CDR-S36-00603,+91-9883951107,+91-9883952214,2026-08-23T15:57:00Z,522,TOWER-DL-VK-304,OUTGOING,VOICE
CDR-S36-00604,+91-9883952214,+91-9883953321,2026-08-23T23:22:00Z,130,TOWER-DL-CP-101,INCOMING,VOICE
CDR-S36-00605,+91-9883953321,+91-9883948893,2026-08-23T05:16:00Z,14,TOWER-HR-KD-201,OUTGOING,SMS
CDR-S36-00606,+91-9883948893,+91-9883950000,2026-08-24T05:36:00Z,2,TOWER-DL-VK-304,INCOMING,DATA
CDR-S36-00607,+91-9883950000,+91-9883951107,2026-08-24T02:59:00Z,205,TOWER-DL-CP-101,OUTGOING,VOICE
CDR-S36-00608,+91-9883951107,+91-9883952214,2026-08-23T20:18:00Z,9,TOWER-HR-KD-201,INCOMING,SMS
CDR-S36-00609,+91-9883952214,+91-9883953321,2026-08-24T09:39:00Z,529,TOWER-DL-VK-304,OUTGOING,VOICE
CDR-S36-00610,+91-9883953321,+91-9883948893,2026-08-22T14:41:00Z,286,TOWER-DL-CP-101,INCOMING,VOICE
CDR-S36-00611,+91-9883948893,+91-9883950000,2026-08-24T16:44:00Z,10,TOWER-HR-KD-201,OUTGOING,SMS
CDR-S36-00612,+91-9883950000,+91-9883951107,2026-08-22T08:20:00Z,13,TOWER-DL-VK-304,INCOMING,DATA
CDR-S36-00613,+91-9883951107,+91-9883952214,2026-08-24T17:03:00Z,312,TOWER-DL-CP-101,OUTGOING,VOICE
CDR-S36-00614,+91-9883952214,+91-9883953321,2026-08-22T18:16:00Z,3,TOWER-HR-KD-201,INCOMING,SMS
CDR-S36-00615,+91-9883953321,+91-9883948893,2026-08-25T05:07:00Z,11,TOWER-DL-VK-304,OUTGOING,VOICE
CDR-S36-00616,+91-9883948893,+91-9883950000,2026-08-25T05:58:00Z,119,TOWER-DL-CP-101,INCOMING,VOICE
CDR-S36-00617,+91-9883950000,+91-9883951107,2026-08-24T08:31:00Z,6,TOWER-HR-KD-201,OUTGOING,SMS
CDR-S36-00618,+91-9883951107,+91-9883952214,2026-08-23T07:35:00Z,21,TOWER-DL-VK-304,INCOMING,DATA
CDR-S36-00619,+91-9883952214,+91-9883953321,2026-08-23T17:15:00Z,468,TOWER-DL-CP-101,OUTGOING,VOICE
CDR-S36-00620,+91-9883953321,+91-9883948893,2026-08-24T16:31:00Z,18,TOWER-HR-KD-201,INCOMING,SMS
CDR-S36-00621,+91-9883948893,+91-9883950000,2026-08-24T12:11:00Z,509,TOWER-DL-VK-304,OUTGOING,VOICE
CDR-S36-00622,+91-9883950000,+91-9883951107,2026-08-23T05:35:00Z,8,TOWER-DL-CP-101,INCOMING,VOICE
CDR-S36-00623,+91-9883951107,+91-9883952214,2026-08-24T16:03:00Z,5,TOWER-HR-KD-201,OUTGOING,SMS
CDR-S36-00624,+91-9883952214,+91-9883953321,2026-08-22T21:27:00Z,29,TOWER-DL-VK-304,INCOMING,DATA
CDR-S36-00625,+91-9883953321,+91-9883948893,2026-08-24T05:10:00Z,192,TOWER-DL-CP-101,OUTGOING,VOICE
CDR-S36-00626,+91-9883948893,+91-9883950000,2026-08-24T09:00:00Z,5,TOWER-HR-KD-201,INCOMING,SMS
CDR-S36-00627,+91-9883950000,+91-9883951107,2026-08-22T07:06:00Z,406,TOWER-DL-VK-304,OUTGOING,VOICE
CDR-S36-00628,+91-9883951107,+91-9883952214,2026-08-24T11:43:00Z,99,TOWER-DL-CP-101,INCOMING,VOICE
CDR-S36-00629,+91-9883952214,+91-9883953321,2026-08-22T14:52:00Z,16,TOWER-HR-KD-201,OUTGOING,SMS
CDR-S36-00630,+91-9883953321,+91-9883948893,2026-08-24T17:18:00Z,4,TOWER-DL-VK-304,INCOMING,DATA
CDR-S36-00631,+91-9883948893,+91-9883950000,2026-08-22T08:26:00Z,208,TOWER-DL-CP-101,OUTGOING,VOICE
CDR-S36-00632,+91-9883950000,+91-9883951107,2026-08-23T18:15:00Z,24,TOWER-HR-KD-201,INCOMING,SMS
CDR-S36-00633,+91-9883951107,+91-9883952214,2026-08-23T09:34:00Z,521,TOWER-DL-VK-304,OUTGOING,VOICE
CDR-S36-00634,+91-9883952214,+91-9883953321,2026-08-22T22:31:00Z,65,TOWER-DL-CP-101,INCOMING,VOICE
CDR-S36-00635,+91-9883953321,+91-9883948893,2026-08-24T09:07:00Z,6,TOWER-HR-KD-201,OUTGOING,SMS
CDR-S36-00636,+91-9883948893,+91-9883950000,2026-08-22T19:36:00Z,14,TOWER-DL-VK-304,INCOMING,DATA
CDR-S36-00637,+91-9883950000,+91-9883951107,2026-08-22T11:06:00Z,517,TOWER-DL-CP-101,OUTGOING,VOICE
CDR-S36-00638,+91-9883951107,+91-9883952214,2026-08-24T12:03:00Z,4,TOWER-HR-KD-201,INCOMING,SMS
CDR-S36-00639,+91-9883952214,+91-9883953321,2026-08-23T17:26:00Z,16,TOWER-DL-VK-304,OUTGOING,VOICE
CDR-S36-00640,+91-9883953321,+91-9883948893,2026-08-24T14:04:00Z,13,TOWER-DL-CP-101,INCOMING,VOICE
CDR-S36-00641,+91-9883948893,+91-9883950000,2026-08-23T23:13:00Z,14,TOWER-HR-KD-201,OUTGOING,SMS
CDR-S36-00642,+91-9883950000,+91-9883951107,2026-08-23T04:08:00Z,11,TOWER-DL-VK-304,INCOMING,DATA
CDR-S36-00643,+91-9883951107,+91-9883952214,2026-08-25T05:18:00Z,185,TOWER-DL-CP-101,OUTGOING,VOICE
CDR-S36-00644,+91-9883952214,+91-9883953321,2026-08-24T00:26:00Z,1,TOWER-HR-KD-201,INCOMING,SMS
CDR-S36-00645,+91-9883953321,+91-9883948893,2026-08-23T16:17:00Z,223,TOWER-DL-VK-304,OUTGOING,VOICE
CDR-S36-00646,+91-9883948893,+91-9883950000,2026-08-23T21:12:00Z,286,TOWER-DL-CP-101,INCOMING,VOICE
CDR-S36-00647,+91-9883950000,+91-9883951107,2026-08-22T23:13:00Z,15,TOWER-HR-KD-201,OUTGOING,SMS
CDR-S36-00648,+91-9883951107,+91-9883952214,2026-08-24T19:16:00Z,10,TOWER-DL-VK-304,INCOMING,DATA
CDR-S36-00649,+91-9883952214,+91-9883953321,2026-08-22T18:11:00Z,276,TOWER-DL-CP-101,OUTGOING,VOICE
CDR-S36-00650,+91-9883953321,+91-9883948893,2026-08-25T03:52:00Z,7,TOWER-HR-KD-201,INCOMING,SMS
CDR-S36-00651,+91-9883948893,+91-9883950000,2026-08-23T01:28:00Z,187,TOWER-DL-VK-304,OUTGOING,VOICE
CDR-S36-00652,+91-9883950000,+91-9883951107,2026-08-24T22:30:00Z,129,TOWER-DL-CP-101,INCOMING,VOICE
CDR-S36-00653,+91-9883951107,+91-9883952214,2026-08-23T07:32:00Z,29,TOWER-HR-KD-201,OUTGOING,SMS
CDR-S36-00654,+91-9883952214,+91-9883953321,2026-08-24T03:18:00Z,11,TOWER-DL-VK-304,INCOMING,DATA
CDR-S36-00655,+91-9883953321,+91-9883948893,2026-08-25T01:41:00Z,248,TOWER-DL-CP-101,OUTGOING,VOICE
CDR-S36-00656,+91-9883948893,+91-9883950000,2026-08-23T20:34:00Z,29,TOWER-HR-KD-201,INCOMING,SMS
CDR-S36-00657,+91-9883950000,+91-9883951107,2026-08-22T22:16:00Z,44,TOWER-DL-VK-304,OUTGOING,VOICE
CDR-S36-00658,+91-9883951107,+91-9883952214,2026-08-22T11:09:00Z,45,TOWER-DL-CP-101,INCOMING,VOICE
CDR-S36-00659,+91-9883952214,+91-9883953321,2026-08-25T01:53:00Z,22,TOWER-HR-KD-201,OUTGOING,SMS
CDR-S36-00660,+91-9883953321,+91-9883948893,2026-08-24T17:43:00Z,12,TOWER-DL-VK-304,INCOMING,DATA
CDR-S36-00661,+91-9883948893,+91-9883950000,2026-08-24T05:08:00Z,371,TOWER-DL-CP-101,OUTGOING,VOICE
CDR-S36-00662,+91-9883950000,+91-9883951107,2026-08-24T21:25:00Z,4,TOWER-HR-KD-201,INCOMING,SMS
CDR-S36-00663,+91-9883951107,+91-9883952214,2026-08-23T14:45:00Z,155,TOWER-DL-VK-304,OUTGOING,VOICE
CDR-S36-00664,+91-9883952214,+91-9883953321,2026-08-23T00:41:00Z,255,TOWER-DL-CP-101,INCOMING,VOICE
CDR-S36-00665,+91-9883953321,+91-9883948893,2026-08-24T07:01:00Z,5,TOWER-HR-KD-201,OUTGOING,SMS
CDR-S36-00666,+91-9883948893,+91-9883950000,2026-08-24T20:35:00Z,23,TOWER-DL-VK-304,INCOMING,DATA
CDR-S36-00667,+91-9883950000,+91-9883951107,2026-08-23T05:24:00Z,96,TOWER-DL-CP-101,OUTGOING,VOICE
CDR-S36-00668,+91-9883951107,+91-9883952214,2026-08-22T12:01:00Z,13,TOWER-HR-KD-201,INCOMING,SMS
CDR-S36-00669,+91-9883952214,+91-9883953321,2026-08-24T22:18:00Z,249,TOWER-DL-VK-304,OUTGOING,VOICE
CDR-S36-00670,+91-9883953321,+91-9883948893,2026-08-22T18:54:00Z,293,TOWER-DL-CP-101,INCOMING,VOICE
CDR-S36-00671,+91-9883948893,+91-9883950000,2026-08-23T09:34:00Z,10,TOWER-HR-KD-201,OUTGOING,SMS
CDR-S36-00672,+91-9883950000,+91-9883951107,2026-08-23T14:58:00Z,30,TOWER-DL-VK-304,INCOMING,DATA
CDR-S36-00673,+91-9883951107,+91-9883952214,2026-08-23T19:56:00Z,327,TOWER-DL-CP-101,OUTGOING,VOICE
CDR-S36-00674,+91-9883952214,+91-9883953321,2026-08-23T20:07:00Z,3,TOWER-HR-KD-201,INCOMING,SMS
CDR-S36-00675,+91-9883953321,+91-9883948893,2026-08-23T21:11:00Z,99,TOWER-DL-VK-304,OUTGOING,VOICE
CDR-S36-00676,+91-9883948893,+91-9883950000,2026-08-23T15:00:00Z,499,TOWER-DL-CP-101,INCOMING,VOICE
CDR-S36-00677,+91-9883950000,+91-9883951107,2026-08-24T03:51:00Z,13,TOWER-HR-KD-201,OUTGOING,SMS
CDR-S36-00678,+91-9883951107,+91-9883952214,2026-08-24T04:47:00Z,13,TOWER-DL-VK-304,INCOMING,DATA
CDR-S36-00679,+91-9883952214,+91-9883953321,2026-08-24T02:53:00Z,592,TOWER-DL-CP-101,OUTGOING,VOICE
CDR-S36-00680,+91-9883953321,+91-9883948893,2026-08-24T02:11:00Z,21,TOWER-HR-KD-201,INCOMING,SMS
CDR-S36-00681,+91-9883948893,+91-9883950000,2026-08-23T19:15:00Z,145,TOWER-DL-VK-304,OUTGOING,VOICE
CDR-S36-00682,+91-9883950000,+91-9883951107,2026-08-25T04:20:00Z,357,TOWER-DL-CP-101,INCOMING,VOICE
CDR-S36-00683,+91-9883951107,+91-9883952214,2026-08-23T17:27:00Z,1,TOWER-HR-KD-201,OUTGOING,SMS
CDR-S36-00684,+91-9883952214,+91-9883953321,2026-08-25T05:07:00Z,16,TOWER-DL-VK-304,INCOMING,DATA
CDR-S36-00685,+91-9883953321,+91-9883948893,2026-08-25T05:27:00Z,409,TOWER-DL-CP-101,OUTGOING,VOICE
CDR-S36-00686,+91-9883948893,+91-9883950000,2026-08-24T05:22:00Z,3,TOWER-HR-KD-201,INCOMING,SMS
CDR-S36-00687,+91-9883950000,+91-9883951107,2026-08-22T14:56:00Z,24,TOWER-DL-VK-304,OUTGOING,VOICE
CDR-S36-00688,+91-9883951107,+91-9883952214,2026-08-22T16:43:00Z,497,TOWER-DL-CP-101,INCOMING,VOICE
CDR-S36-00689,+91-9883952214,+91-9883953321,2026-08-23T05:16:00Z,17,TOWER-HR-KD-201,OUTGOING,SMS
CDR-S36-00690,+91-9883953321,+91-9883948893,2026-08-23T06:29:00Z,22,TOWER-DL-VK-304,INCOMING,DATA
CDR-S36-00691,+91-9883948893,+91-9883950000,2026-08-25T02:36:00Z,534,TOWER-DL-CP-101,OUTGOING,VOICE
CDR-S36-00692,+91-9883950000,+91-9883951107,2026-08-25T00:38:00Z,9,TOWER-HR-KD-201,INCOMING,SMS
CDR-S36-00693,+91-9883951107,+91-9883952214,2026-08-23T18:37:00Z,73,TOWER-DL-VK-304,OUTGOING,VOICE
CDR-S36-00694,+91-9883952214,+91-9883953321,2026-08-23T06:09:00Z,37,TOWER-DL-CP-101,INCOMING,VOICE
CDR-S36-00695,+91-9883953321,+91-9883948893,2026-08-22T22:59:00Z,18,TOWER-HR-KD-201,OUTGOING,SMS
CDR-S36-00696,+91-9883948893,+91-9883950000,2026-08-24T05:16:00Z,2,TOWER-DL-VK-304,INCOMING,DATA
CDR-S36-00697,+91-9883950000,+91-9883951107,2026-08-23T18:09:00Z,351,TOWER-DL-CP-101,OUTGOING,VOICE
CDR-S36-00698,+91-9883951107,+91-9883952214,2026-08-22T19:23:00Z,6,TOWER-HR-KD-201,INCOMING,SMS
CDR-S36-00699,+91-9883952214,+91-9883953321,2026-08-23T17:24:00Z,221,TOWER-DL-VK-304,OUTGOING,VOICE
CDR-S36-00700,+91-9883953321,+91-9883948893,2026-08-23T04:36:00Z,599,TOWER-DL-CP-101,INCOMING,VOICE
CDR-S36-00701,+91-9883948893,+91-9883950000,2026-08-23T02:52:00Z,12,TOWER-HR-KD-201,OUTGOING,SMS
CDR-S36-00702,+91-9883950000,+91-9883951107,2026-08-25T04:50:00Z,9,TOWER-DL-VK-304,INCOMING,DATA
CDR-S36-00703,+91-9883951107,+91-9883952214,2026-08-22T22:50:00Z,594,TOWER-DL-CP-101,OUTGOING,VOICE
CDR-S36-00704,+91-9883952214,+91-9883953321,2026-08-24T11:35:00Z,22,TOWER-HR-KD-201,INCOMING,SMS
CDR-S36-00705,+91-9883953321,+91-9883948893,2026-08-25T02:30:00Z,21,TOWER-DL-VK-304,OUTGOING,VOICE
CDR-S36-00706,+91-9883948893,+91-9883950000,2026-08-23T12:50:00Z,388,TOWER-DL-CP-101,INCOMING,VOICE
CDR-S36-00707,+91-9883950000,+91-9883951107,2026-08-22T08:39:00Z,30,TOWER-HR-KD-201,OUTGOING,SMS
CDR-S36-00708,+91-9883951107,+91-9883952214,2026-08-24T05:27:00Z,9,TOWER-DL-VK-304,INCOMING,DATA
CDR-S36-00709,+91-9883952214,+91-9883953321,2026-08-23T09:23:00Z,518,TOWER-DL-CP-101,OUTGOING,VOICE
CDR-S36-00710,+91-9883953321,+91-9883948893,2026-08-24T00:01:00Z,14,TOWER-HR-KD-201,INCOMING,SMS
CDR-S36-00711,+91-9883948893,+91-9883950000,2026-08-24T23:26:00Z,203,TOWER-DL-VK-304,OUTGOING,VOICE
CDR-S36-00712,+91-9883950000,+91-9883951107,2026-08-25T00:24:00Z,262,TOWER-DL-CP-101,INCOMING,VOICE
CDR-S36-00713,+91-9883951107,+91-9883952214,2026-08-24T17:48:00Z,7,TOWER-HR-KD-201,OUTGOING,SMS
CDR-S36-00714,+91-9883952214,+91-9883953321,2026-08-23T01:26:00Z,11,TOWER-DL-VK-304,INCOMING,DATA
CDR-S36-00715,+91-9883953321,+91-9883948893,2026-08-24T14:13:00Z,67,TOWER-DL-CP-101,OUTGOING,VOICE
CDR-S36-00716,+91-9883948893,+91-9883950000,2026-08-23T16:59:00Z,9,TOWER-HR-KD-201,INCOMING,SMS
CDR-S36-00717,+91-9883950000,+91-9883951107,2026-08-23T06:58:00Z,40,TOWER-DL-VK-304,OUTGOING,VOICE
CDR-S36-00718,+91-9883951107,+91-9883952214,2026-08-24T11:09:00Z,569,TOWER-DL-CP-101,INCOMING,VOICE
CDR-S36-00719,+91-9883952214,+91-9883953321,2026-08-24T04:19:00Z,3,TOWER-HR-KD-201,OUTGOING,SMS
CDR-S36-00720,+91-9883953321,+91-9883948893,2026-08-25T05:16:00Z,2,TOWER-DL-VK-304,INCOMING,DATA
CDR-S36-00721,+91-9883948893,+91-9883950000,2026-08-23T02:47:00Z,257,TOWER-DL-CP-101,OUTGOING,VOICE
CDR-S36-00722,+91-9883950000,+91-9883951107,2026-08-22T21:59:00Z,13,TOWER-HR-KD-201,INCOMING,SMS
CDR-S36-00723,+91-9883951107,+91-9883952214,2026-08-24T15:31:00Z,54,TOWER-DL-VK-304,OUTGOING,VOICE
CDR-S36-00724,+91-9883952214,+91-9883953321,2026-08-22T22:17:00Z,548,TOWER-DL-CP-101,INCOMING,VOICE
CDR-S36-00725,+91-9883953321,+91-9883948893,2026-08-23T20:31:00Z,16,TOWER-HR-KD-201,OUTGOING,SMS
CDR-S36-00726,+91-9883948893,+91-9883950000,2026-08-22T16:26:00Z,25,TOWER-DL-VK-304,INCOMING,DATA
CDR-S36-00727,+91-9883950000,+91-9883951107,2026-08-22T09:25:00Z,201,TOWER-DL-CP-101,OUTGOING,VOICE
CDR-S36-00728,+91-9883951107,+91-9883952214,2026-08-24T04:09:00Z,17,TOWER-HR-KD-201,INCOMING,SMS
CDR-S36-00729,+91-9883952214,+91-9883953321,2026-08-24T10:14:00Z,388,TOWER-DL-VK-304,OUTGOING,VOICE
CDR-S36-00730,+91-9883953321,+91-9883948893,2026-08-23T14:46:00Z,386,TOWER-DL-CP-101,INCOMING,VOICE
CDR-S36-00731,+91-9883948893,+91-9883950000,2026-08-25T03:47:00Z,11,TOWER-HR-KD-201,OUTGOING,SMS
CDR-S36-00732,+91-9883950000,+91-9883951107,2026-08-25T06:36:00Z,21,TOWER-DL-VK-304,INCOMING,DATA
CDR-S36-00733,+91-9883951107,+91-9883952214,2026-08-23T09:22:00Z,366,TOWER-DL-CP-101,OUTGOING,VOICE
CDR-S36-00734,+91-9883952214,+91-9883953321,2026-08-24T19:12:00Z,7,TOWER-HR-KD-201,INCOMING,SMS
CDR-S36-00735,+91-9883953321,+91-9883948893,2026-08-23T18:19:00Z,130,TOWER-DL-VK-304,OUTGOING,VOICE
CDR-S36-00736,+91-9883948893,+91-9883950000,2026-08-25T03:51:00Z,274,TOWER-DL-CP-101,INCOMING,VOICE
CDR-S36-00737,+91-9883950000,+91-9883951107,2026-08-22T12:33:00Z,9,TOWER-HR-KD-201,OUTGOING,SMS
CDR-S36-00738,+91-9883951107,+91-9883952214,2026-08-25T00:36:00Z,23,TOWER-DL-VK-304,INCOMING,DATA
CDR-S36-00739,+91-9883952214,+91-9883953321,2026-08-22T07:05:00Z,307,TOWER-DL-CP-101,OUTGOING,VOICE
CDR-S36-00740,+91-9883953321,+91-9883948893,2026-08-22T19:06:00Z,7,TOWER-HR-KD-201,INCOMING,SMS
CDR-S36-00741,+91-9883948893,+91-9883950000,2026-08-23T06:00:00Z,127,TOWER-DL-VK-304,OUTGOING,VOICE
CDR-S36-00742,+91-9883950000,+91-9883951107,2026-08-23T23:56:00Z,177,TOWER-DL-CP-101,INCOMING,VOICE
CDR-S36-00743,+91-9883951107,+91-9883952214,2026-08-23T06:31:00Z,12,TOWER-HR-KD-201,OUTGOING,SMS
CDR-S36-00744,+91-9883952214,+91-9883953321,2026-08-24T23:52:00Z,15,TOWER-DL-VK-304,INCOMING,DATA
CDR-S36-00745,+91-9883953321,+91-9883948893,2026-08-24T18:25:00Z,354,TOWER-DL-CP-101,OUTGOING,VOICE
CDR-S36-00746,+91-9883948893,+91-9883950000,2026-08-24T08:32:00Z,25,TOWER-HR-KD-201,INCOMING,SMS
CDR-S36-00747,+91-9883950000,+91-9883951107,2026-08-23T07:31:00Z,85,TOWER-DL-VK-304,OUTGOING,VOICE
CDR-S36-00748,+91-9883951107,+91-9883952214,2026-08-23T10:12:00Z,466,TOWER-DL-CP-101,INCOMING,VOICE
CDR-S36-00749,+91-9883952214,+91-9883953321,2026-08-24T21:28:00Z,13,TOWER-HR-KD-201,OUTGOING,SMS
CDR-S36-00750,+91-9883953321,+91-9883948893,2026-08-25T05:40:00Z,24,TOWER-DL-VK-304,INCOMING,DATA
CDR-S36-00751,+91-9883948893,+91-9883950000,2026-08-22T17:35:00Z,107,TOWER-DL-CP-101,OUTGOING,VOICE
CDR-S36-00752,+91-9883950000,+91-9883951107,2026-08-22T22:22:00Z,5,TOWER-HR-KD-201,INCOMING,SMS
CDR-S36-00753,+91-9883951107,+91-9883952214,2026-08-25T05:34:00Z,265,TOWER-DL-VK-304,OUTGOING,VOICE
CDR-S36-00754,+91-9883952214,+91-9883953321,2026-08-23T04:20:00Z,323,TOWER-DL-CP-101,INCOMING,VOICE
CDR-S36-00755,+91-9883953321,+91-9883948893,2026-08-23T14:21:00Z,30,TOWER-HR-KD-201,OUTGOING,SMS
CDR-S36-00756,+91-9883948893,+91-9883950000,2026-08-23T08:51:00Z,2,TOWER-DL-VK-304,INCOMING,DATA
CDR-S36-00757,+91-9883950000,+91-9883951107,2026-08-23T08:13:00Z,78,TOWER-DL-CP-101,OUTGOING,VOICE
CDR-S36-00758,+91-9883951107,+91-9883952214,2026-08-24T17:25:00Z,26,TOWER-HR-KD-201,INCOMING,SMS
CDR-S36-00759,+91-9883952214,+91-9883953321,2026-08-22T09:35:00Z,571,TOWER-DL-VK-304,OUTGOING,VOICE
CDR-S36-00760,+91-9883953321,+91-9883948893,2026-08-22T13:58:00Z,328,TOWER-DL-CP-101,INCOMING,VOICE
CDR-S36-00761,+91-9883948893,+91-9883950000,2026-08-24T10:55:00Z,16,TOWER-HR-KD-201,OUTGOING,SMS
CDR-S36-00762,+91-9883950000,+91-9883951107,2026-08-23T17:27:00Z,12,TOWER-DL-VK-304,INCOMING,DATA
CDR-S36-00763,+91-9883951107,+91-9883952214,2026-08-24T05:14:00Z,592,TOWER-DL-CP-101,OUTGOING,VOICE
CDR-S36-00764,+91-9883952214,+91-9883953321,2026-08-24T08:47:00Z,22,TOWER-HR-KD-201,INCOMING,SMS
CDR-S36-00765,+91-9883953321,+91-9883948893,2026-08-22T18:40:00Z,593,TOWER-DL-VK-304,OUTGOING,VOICE
CDR-S36-00766,+91-9883948893,+91-9883950000,2026-08-23T16:10:00Z,232,TOWER-DL-CP-101,INCOMING,VOICE
CDR-S36-00767,+91-9883950000,+91-9883951107,2026-08-23T12:46:00Z,28,TOWER-HR-KD-201,OUTGOING,SMS
CDR-S36-00768,+91-9883951107,+91-9883952214,2026-08-23T15:30:00Z,14,TOWER-DL-VK-304,INCOMING,DATA
CDR-S36-00769,+91-9883952214,+91-9883953321,2026-08-22T23:45:00Z,36,TOWER-DL-CP-101,OUTGOING,VOICE
CDR-S36-00770,+91-9883953321,+91-9883948893,2026-08-25T01:24:00Z,25,TOWER-HR-KD-201,INCOMING,SMS
CDR-S36-00771,+91-9883948893,+91-9883950000,2026-08-23T05:34:00Z,507,TOWER-DL-VK-304,OUTGOING,VOICE
CDR-S36-00772,+91-9883950000,+91-9883951107,2026-08-25T01:21:00Z,143,TOWER-DL-CP-101,INCOMING,VOICE
CDR-S36-00773,+91-9883951107,+91-9883952214,2026-08-24T10:26:00Z,27,TOWER-HR-KD-201,OUTGOING,SMS
CDR-S36-00774,+91-9883952214,+91-9883953321,2026-08-23T00:00:00Z,21,TOWER-DL-VK-304,INCOMING,DATA
CDR-S36-00775,+91-9883953321,+91-9883948893,2026-08-23T07:46:00Z,411,TOWER-DL-CP-101,OUTGOING,VOICE
CDR-S36-00776,+91-9883948893,+91-9883950000,2026-08-23T03:12:00Z,16,TOWER-HR-KD-201,INCOMING,SMS
CDR-S36-00777,+91-9883950000,+91-9883951107,2026-08-25T01:59:00Z,275,TOWER-DL-VK-304,OUTGOING,VOICE
CDR-S36-00778,+91-9883951107,+91-9883952214,2026-08-24T19:59:00Z,30,TOWER-DL-CP-101,INCOMING,VOICE
CDR-S36-00779,+91-9883952214,+91-9883953321,2026-08-24T23:52:00Z,12,TOWER-HR-KD-201,OUTGOING,SMS
CDR-S36-00780,+91-9883953321,+91-9883948893,2026-08-22T13:00:00Z,1,TOWER-DL-VK-304,INCOMING,DATA
CDR-S36-00781,+91-9883948893,+91-9883950000,2026-08-24T19:17:00Z,156,TOWER-DL-CP-101,OUTGOING,VOICE
CDR-S36-00782,+91-9883950000,+91-9883951107,2026-08-23T03:51:00Z,29,TOWER-HR-KD-201,INCOMING,SMS
CDR-S36-00783,+91-9883951107,+91-9883952214,2026-08-23T15:52:00Z,156,TOWER-DL-VK-304,OUTGOING,VOICE
CDR-S36-00784,+91-9883952214,+91-9883953321,2026-08-24T19:03:00Z,111,TOWER-DL-CP-101,INCOMING,VOICE
CDR-S36-00785,+91-9883953321,+91-9883948893,2026-08-24T07:37:00Z,6,TOWER-HR-KD-201,OUTGOING,SMS
CDR-S36-00786,+91-9883948893,+91-9883950000,2026-08-23T07:37:00Z,26,TOWER-DL-VK-304,INCOMING,DATA
CDR-S36-00787,+91-9883950000,+91-9883951107,2026-08-24T13:07:00Z,107,TOWER-DL-CP-101,OUTGOING,VOICE
CDR-S36-00788,+91-9883951107,+91-9883952214,2026-08-24T22:42:00Z,28,TOWER-HR-KD-201,INCOMING,SMS
CDR-S36-00789,+91-9883952214,+91-9883953321,2026-08-24T20:38:00Z,250,TOWER-DL-VK-304,OUTGOING,VOICE
CDR-S36-00790,+91-9883953321,+91-9883948893,2026-08-24T07:49:00Z,393,TOWER-DL-CP-101,INCOMING,VOICE
CDR-S36-00791,+91-9883948893,+91-9883950000,2026-08-23T21:21:00Z,16,TOWER-HR-KD-201,OUTGOING,SMS
CDR-S36-00792,+91-9883950000,+91-9883951107,2026-08-24T10:35:00Z,7,TOWER-DL-VK-304,INCOMING,DATA
CDR-S36-00793,+91-9883951107,+91-9883952214,2026-08-23T22:28:00Z,66,TOWER-DL-CP-101,OUTGOING,VOICE
CDR-S36-00794,+91-9883952214,+91-9883953321,2026-08-22T20:20:00Z,30,TOWER-HR-KD-201,INCOMING,SMS
CDR-S36-00795,+91-9883953321,+91-9883948893,2026-08-24T14:51:00Z,212,TOWER-DL-VK-304,OUTGOING,VOICE
CDR-S36-00796,+91-9883948893,+91-9883950000,2026-08-24T16:04:00Z,289,TOWER-DL-CP-101,INCOMING,VOICE
CDR-S36-00797,+91-9883950000,+91-9883951107,2026-08-24T10:11:00Z,15,TOWER-HR-KD-201,OUTGOING,SMS
CDR-S36-00798,+91-9883951107,+91-9883952214,2026-08-23T05:28:00Z,25,TOWER-DL-VK-304,INCOMING,DATA
CDR-S36-00799,+91-9883952214,+91-9883953321,2026-08-25T02:25:00Z,441,TOWER-DL-CP-101,OUTGOING,VOICE
CDR-S36-00800,+91-9883953321,+91-9883948893,2026-08-23T11:59:00Z,29,TOWER-HR-KD-201,INCOMING,SMS
CDR-S36-00801,+91-9883948893,+91-9883950000,2026-08-24T15:15:00Z,388,TOWER-DL-VK-304,OUTGOING,VOICE
CDR-S36-00802,+91-9883950000,+91-9883951107,2026-08-23T14:54:00Z,262,TOWER-DL-CP-101,INCOMING,VOICE
CDR-S36-00803,+91-9883951107,+91-9883952214,2026-08-24T17:44:00Z,20,TOWER-HR-KD-201,OUTGOING,SMS
CDR-S36-00804,+91-9883952214,+91-9883953321,2026-08-24T04:43:00Z,11,TOWER-DL-VK-304,INCOMING,DATA
CDR-S36-00805,+91-9883953321,+91-9883948893,2026-08-23T21:38:00Z,247,TOWER-DL-CP-101,OUTGOING,VOICE
CDR-S36-00806,+91-9883948893,+91-9883950000,2026-08-22T08:25:00Z,30,TOWER-HR-KD-201,INCOMING,SMS
CDR-S36-00807,+91-9883950000,+91-9883951107,2026-08-23T13:26:00Z,75,TOWER-DL-VK-304,OUTGOING,VOICE
CDR-S36-00808,+91-9883951107,+91-9883952214,2026-08-23T07:28:00Z,402,TOWER-DL-CP-101,INCOMING,VOICE
CDR-S36-00809,+91-9883952214,+91-9883953321,2026-08-24T14:13:00Z,6,TOWER-HR-KD-201,OUTGOING,SMS
CDR-S36-00810,+91-9883953321,+91-9883948893,2026-08-23T07:35:00Z,27,TOWER-DL-VK-304,INCOMING,DATA
CDR-S36-00811,+91-9883948893,+91-9883950000,2026-08-24T10:01:00Z,568,TOWER-DL-CP-101,OUTGOING,VOICE
CDR-S36-00812,+91-9883950000,+91-9883951107,2026-08-24T16:06:00Z,6,TOWER-HR-KD-201,INCOMING,SMS
CDR-S36-00813,+91-9883951107,+91-9883952214,2026-08-23T22:51:00Z,199,TOWER-DL-VK-304,OUTGOING,VOICE
CDR-S36-00814,+91-9883952214,+91-9883953321,2026-08-23T13:13:00Z,46,TOWER-DL-CP-101,INCOMING,VOICE
CDR-S36-00815,+91-9883953321,+91-9883948893,2026-08-23T10:17:00Z,20,TOWER-HR-KD-201,OUTGOING,SMS
CDR-S36-00816,+91-9883948893,+91-9883950000,2026-08-23T18:25:00Z,5,TOWER-DL-VK-304,INCOMING,DATA
CDR-S36-00817,+91-9883950000,+91-9883951107,2026-08-24T23:18:00Z,183,TOWER-DL-CP-101,OUTGOING,VOICE
CDR-S36-00818,+91-9883951107,+91-9883952214,2026-08-23T13:44:00Z,25,TOWER-HR-KD-201,INCOMING,SMS
CDR-S36-00819,+91-9883952214,+91-9883953321,2026-08-23T12:11:00Z,518,TOWER-DL-VK-304,OUTGOING,VOICE
CDR-S36-00820,+91-9883953321,+91-9883948893,2026-08-24T15:20:00Z,553,TOWER-DL-CP-101,INCOMING,VOICE
CDR-S36-00821,+91-9883948893,+91-9883950000,2026-08-25T00:40:00Z,2,TOWER-HR-KD-201,OUTGOING,SMS
CDR-S36-00822,+91-9883950000,+91-9883951107,2026-08-23T05:20:00Z,12,TOWER-DL-VK-304,INCOMING,DATA
CDR-S36-00823,+91-9883951107,+91-9883952214,2026-08-25T03:14:00Z,226,TOWER-DL-CP-101,OUTGOING,VOICE
CDR-S36-00824,+91-9883952214,+91-9883953321,2026-08-24T15:41:00Z,18,TOWER-HR-KD-201,INCOMING,SMS
CDR-S36-00825,+91-9883953321,+91-9883948893,2026-08-24T04:46:00Z,240,TOWER-DL-VK-304,OUTGOING,VOICE
CDR-S36-00826,+91-9883948893,+91-9883950000,2026-08-25T00:01:00Z,48,TOWER-DL-CP-101,INCOMING,VOICE
CDR-S36-00827,+91-9883950000,+91-9883951107,2026-08-22T12:02:00Z,24,TOWER-HR-KD-201,OUTGOING,SMS
CDR-S36-00828,+91-9883951107,+91-9883952214,2026-08-24T06:22:00Z,10,TOWER-DL-VK-304,INCOMING,DATA
CDR-S36-00829,+91-9883952214,+91-9883953321,2026-08-22T22:50:00Z,109,TOWER-DL-CP-101,OUTGOING,VOICE
CDR-S36-00830,+91-9883953321,+91-9883948893,2026-08-24T17:56:00Z,11,TOWER-HR-KD-201,INCOMING,SMS
CDR-S36-00831,+91-9883948893,+91-9883950000,2026-08-24T04:31:00Z,49,TOWER-DL-VK-304,OUTGOING,VOICE
CDR-S36-00832,+91-9883950000,+91-9883951107,2026-08-25T01:40:00Z,255,TOWER-DL-CP-101,INCOMING,VOICE
CDR-S36-00833,+91-9883951107,+91-9883952214,2026-08-23T15:53:00Z,27,TOWER-HR-KD-201,OUTGOING,SMS
CDR-S36-00834,+91-9883952214,+91-9883953321,2026-08-22T08:42:00Z,4,TOWER-DL-VK-304,INCOMING,DATA
CDR-S36-00835,+91-9883953321,+91-9883948893,2026-08-23T06:34:00Z,208,TOWER-DL-CP-101,OUTGOING,VOICE
CDR-S36-00836,+91-9883948893,+91-9883950000,2026-08-23T09:56:00Z,14,TOWER-HR-KD-201,INCOMING,SMS
CDR-S36-00837,+91-9883950000,+91-9883951107,2026-08-23T09:50:00Z,510,TOWER-DL-VK-304,OUTGOING,VOICE
CDR-S36-00838,+91-9883951107,+91-9883952214,2026-08-23T03:15:00Z,165,TOWER-DL-CP-101,INCOMING,VOICE
CDR-S36-00839,+91-9883952214,+91-9883953321,2026-08-23T11:51:00Z,26,TOWER-HR-KD-201,OUTGOING,SMS
CDR-S36-00840,+91-9883953321,+91-9883948893,2026-08-23T09:41:00Z,2,TOWER-DL-VK-304,INCOMING,DATA
CDR-S36-00841,+91-9883948893,+91-9883950000,2026-08-23T11:15:00Z,278,TOWER-DL-CP-101,OUTGOING,VOICE
CDR-S36-00842,+91-9883950000,+91-9883951107,2026-08-23T02:12:00Z,30,TOWER-HR-KD-201,INCOMING,SMS
CDR-S36-00843,+91-9883951107,+91-9883952214,2026-08-23T10:30:00Z,251,TOWER-DL-VK-304,OUTGOING,VOICE
CDR-S36-00844,+91-9883952214,+91-9883953321,2026-08-25T02:50:00Z,586,TOWER-DL-CP-101,INCOMING,VOICE
CDR-S36-00845,+91-9883953321,+91-9883948893,2026-08-22T12:11:00Z,21,TOWER-HR-KD-201,OUTGOING,SMS
CDR-S36-00846,+91-9883948893,+91-9883950000,2026-08-22T21:02:00Z,5,TOWER-DL-VK-304,INCOMING,DATA
CDR-S36-00847,+91-9883950000,+91-9883951107,2026-08-25T01:28:00Z,225,TOWER-DL-CP-101,OUTGOING,VOICE
CDR-S36-00848,+91-9883951107,+91-9883952214,2026-08-23T04:35:00Z,15,TOWER-HR-KD-201,INCOMING,SMS
CDR-S36-00849,+91-9883952214,+91-9883953321,2026-08-25T00:11:00Z,228,TOWER-DL-VK-304,OUTGOING,VOICE
CDR-S36-00850,+91-9883953321,+91-9883948893,2026-08-24T09:10:00Z,163,TOWER-DL-CP-101,INCOMING,VOICE
CDR-S36-00851,+91-9883948893,+91-9883950000,2026-08-22T10:15:00Z,28,TOWER-HR-KD-201,OUTGOING,SMS
CDR-S36-00852,+91-9883950000,+91-9883951107,2026-08-24T15:00:00Z,24,TOWER-DL-VK-304,INCOMING,DATA
CDR-S36-00853,+91-9883951107,+91-9883952214,2026-08-22T20:24:00Z,399,TOWER-DL-CP-101,OUTGOING,VOICE
CDR-S36-00854,+91-9883952214,+91-9883953321,2026-08-23T01:19:00Z,16,TOWER-HR-KD-201,INCOMING,SMS
CDR-S36-00855,+91-9883953321,+91-9883948893,2026-08-23T23:44:00Z,10,TOWER-DL-VK-304,OUTGOING,VOICE
CDR-S36-00856,+91-9883948893,+91-9883950000,2026-08-24T23:14:00Z,48,TOWER-DL-CP-101,INCOMING,VOICE
CDR-S36-00857,+91-9883950000,+91-9883951107,2026-08-23T13:49:00Z,23,TOWER-HR-KD-201,OUTGOING,SMS
CDR-S36-00858,+91-9883951107,+91-9883952214,2026-08-22T20:48:00Z,16,TOWER-DL-VK-304,INCOMING,DATA
CDR-S36-00859,+91-9883952214,+91-9883953321,2026-08-23T04:18:00Z,350,TOWER-DL-CP-101,OUTGOING,VOICE
CDR-S36-00860,+91-9883953321,+91-9883948893,2026-08-23T09:51:00Z,6,TOWER-HR-KD-201,INCOMING,SMS
CDR-S36-00861,+91-9883948893,+91-9883950000,2026-08-22T12:40:00Z,211,TOWER-DL-VK-304,OUTGOING,VOICE
CDR-S36-00862,+91-9883950000,+91-9883951107,2026-08-24T18:41:00Z,107,TOWER-DL-CP-101,INCOMING,VOICE
CDR-S36-00863,+91-9883951107,+91-9883952214,2026-08-22T20:19:00Z,3,TOWER-HR-KD-201,OUTGOING,SMS
CDR-S36-00864,+91-9883952214,+91-9883953321,2026-08-23T12:20:00Z,5,TOWER-DL-VK-304,INCOMING,DATA
CDR-S36-00865,+91-9883953321,+91-9883948893,2026-08-24T03:29:00Z,153,TOWER-DL-CP-101,OUTGOING,VOICE
CDR-S36-00866,+91-9883948893,+91-9883950000,2026-08-24T04:22:00Z,5,TOWER-HR-KD-201,INCOMING,SMS
CDR-S36-00867,+91-9883950000,+91-9883951107,2026-08-23T18:23:00Z,578,TOWER-DL-VK-304,OUTGOING,VOICE
CDR-S36-00868,+91-9883951107,+91-9883952214,2026-08-23T20:11:00Z,527,TOWER-DL-CP-101,INCOMING,VOICE
CDR-S36-00869,+91-9883952214,+91-9883953321,2026-08-24T14:32:00Z,15,TOWER-HR-KD-201,OUTGOING,SMS
CDR-S36-00870,+91-9883953321,+91-9883948893,2026-08-23T16:23:00Z,20,TOWER-DL-VK-304,INCOMING,DATA
CDR-S36-00871,+91-9883948893,+91-9883950000,2026-08-23T12:02:00Z,353,TOWER-DL-CP-101,OUTGOING,VOICE
CDR-S36-00872,+91-9883950000,+91-9883951107,2026-08-22T23:09:00Z,4,TOWER-HR-KD-201,INCOMING,SMS
CDR-S36-00873,+91-9883951107,+91-9883952214,2026-08-25T05:34:00Z,458,TOWER-DL-VK-304,OUTGOING,VOICE
CDR-S36-00874,+91-9883952214,+91-9883953321,2026-08-24T07:07:00Z,314,TOWER-DL-CP-101,INCOMING,VOICE
CDR-S36-00875,+91-9883953321,+91-9883948893,2026-08-23T12:05:00Z,6,TOWER-HR-KD-201,OUTGOING,SMS
CDR-S36-00876,+91-9883948893,+91-9883950000,2026-08-24T05:43:00Z,27,TOWER-DL-VK-304,INCOMING,DATA
CDR-S36-00877,+91-9883950000,+91-9883951107,2026-08-23T19:09:00Z,296,TOWER-DL-CP-101,OUTGOING,VOICE
CDR-S36-00878,+91-9883951107,+91-9883952214,2026-08-22T18:07:00Z,19,TOWER-HR-KD-201,INCOMING,SMS
CDR-S36-00879,+91-9883952214,+91-9883953321,2026-08-23T13:02:00Z,374,TOWER-DL-VK-304,OUTGOING,VOICE
CDR-S36-00880,+91-9883953321,+91-9883948893,2026-08-24T04:02:00Z,446,TOWER-DL-CP-101,INCOMING,VOICE
CDR-S36-00881,+91-9883948893,+91-9883950000,2026-08-25T05:20:00Z,1,TOWER-HR-KD-201,OUTGOING,SMS
CDR-S36-00882,+91-9883950000,+91-9883951107,2026-08-24T17:04:00Z,5,TOWER-DL-VK-304,INCOMING,DATA
CDR-S36-00883,+91-9883951107,+91-9883952214,2026-08-22T11:14:00Z,330,TOWER-DL-CP-101,OUTGOING,VOICE
CDR-S36-00884,+91-9883952214,+91-9883953321,2026-08-22T17:04:00Z,16,TOWER-HR-KD-201,INCOMING,SMS
CDR-S36-00885,+91-9883953321,+91-9883948893,2026-08-22T16:08:00Z,527,TOWER-DL-VK-304,OUTGOING,VOICE
CDR-S36-00886,+91-9883948893,+91-9883950000,2026-08-23T10:13:00Z,363,TOWER-DL-CP-101,INCOMING,VOICE
CDR-S36-00887,+91-9883950000,+91-9883951107,2026-08-24T18:11:00Z,27,TOWER-HR-KD-201,OUTGOING,SMS
CDR-S36-00888,+91-9883951107,+91-9883952214,2026-08-23T02:24:00Z,9,TOWER-DL-VK-304,INCOMING,DATA
CDR-S36-00889,+91-9883952214,+91-9883953321,2026-08-24T21:37:00Z,388,TOWER-DL-CP-101,OUTGOING,VOICE
CDR-S36-00890,+91-9883953321,+91-9883948893,2026-08-24T18:50:00Z,19,TOWER-HR-KD-201,INCOMING,SMS
CDR-S36-00891,+91-9883948893,+91-9883950000,2026-08-24T14:02:00Z,19,TOWER-DL-VK-304,OUTGOING,VOICE
CDR-S36-00892,+91-9883950000,+91-9883951107,2026-08-23T00:34:00Z,21,TOWER-DL-CP-101,INCOMING,VOICE
CDR-S36-00893,+91-9883951107,+91-9883952214,2026-08-23T09:20:00Z,13,TOWER-HR-KD-201,OUTGOING,SMS
CDR-S36-00894,+91-9883952214,+91-9883953321,2026-08-23T06:31:00Z,14,TOWER-DL-VK-304,INCOMING,DATA
CDR-S36-00895,+91-9883953321,+91-9883948893,2026-08-24T20:07:00Z,30,TOWER-DL-CP-101,OUTGOING,VOICE
CDR-S36-00896,+91-9883948893,+91-9883950000,2026-08-22T15:41:00Z,23,TOWER-HR-KD-201,INCOMING,SMS
CDR-S36-00897,+91-9883950000,+91-9883951107,2026-08-23T03:13:00Z,300,TOWER-DL-VK-304,OUTGOING,VOICE
CDR-S36-00898,+91-9883951107,+91-9883952214,2026-08-22T18:58:00Z,357,TOWER-DL-CP-101,INCOMING,VOICE
CDR-S36-00899,+91-9883952214,+91-9883953321,2026-08-22T08:24:00Z,22,TOWER-HR-KD-201,OUTGOING,SMS
CDR-S36-00900,+91-9883953321,+91-9883948893,2026-08-23T12:54:00Z,24,TOWER-DL-VK-304,INCOMING,DATA
CDR-S36-00901,+91-9883948893,+91-9883950000,2026-08-22T14:53:00Z,378,TOWER-DL-CP-101,OUTGOING,VOICE
CDR-S36-00902,+91-9883950000,+91-9883951107,2026-08-23T17:39:00Z,24,TOWER-HR-KD-201,INCOMING,SMS
CDR-S36-00903,+91-9883951107,+91-9883952214,2026-08-25T02:56:00Z,17,TOWER-DL-VK-304,OUTGOING,VOICE
CDR-S36-00904,+91-9883952214,+91-9883953321,2026-08-23T08:13:00Z,537,TOWER-DL-CP-101,INCOMING,VOICE
CDR-S36-00905,+91-9883953321,+91-9883948893,2026-08-23T17:11:00Z,15,TOWER-HR-KD-201,OUTGOING,SMS
CDR-S36-00906,+91-9883948893,+91-9883950000,2026-08-24T15:51:00Z,6,TOWER-DL-VK-304,INCOMING,DATA
CDR-S36-00907,+91-9883950000,+91-9883951107,2026-08-22T20:11:00Z,425,TOWER-DL-CP-101,OUTGOING,VOICE
CDR-S36-00908,+91-9883951107,+91-9883952214,2026-08-22T14:03:00Z,21,TOWER-HR-KD-201,INCOMING,SMS
CDR-S36-00909,+91-9883952214,+91-9883953321,2026-08-22T10:51:00Z,520,TOWER-DL-VK-304,OUTGOING,VOICE
CDR-S36-00910,+91-9883953321,+91-9883948893,2026-08-24T04:20:00Z,355,TOWER-DL-CP-101,INCOMING,VOICE
CDR-S36-00911,+91-9883948893,+91-9883950000,2026-08-22T20:04:00Z,26,TOWER-HR-KD-201,OUTGOING,SMS
CDR-S36-00912,+91-9883950000,+91-9883951107,2026-08-24T23:44:00Z,10,TOWER-DL-VK-304,INCOMING,DATA
CDR-S36-00913,+91-9883951107,+91-9883952214,2026-08-22T21:44:00Z,461,TOWER-DL-CP-101,OUTGOING,VOICE
CDR-S36-00914,+91-9883952214,+91-9883953321,2026-08-24T18:00:00Z,30,TOWER-HR-KD-201,INCOMING,SMS
CDR-S36-00915,+91-9883953321,+91-9883948893,2026-08-24T07:38:00Z,434,TOWER-DL-VK-304,OUTGOING,VOICE
CDR-S36-00916,+91-9883948893,+91-9883950000,2026-08-25T04:59:00Z,161,TOWER-DL-CP-101,INCOMING,VOICE
CDR-S36-00917,+91-9883950000,+91-9883951107,2026-08-23T08:30:00Z,9,TOWER-HR-KD-201,OUTGOING,SMS
CDR-S36-00918,+91-9883951107,+91-9883952214,2026-08-24T11:39:00Z,15,TOWER-DL-VK-304,INCOMING,DATA
CDR-S36-00919,+91-9883952214,+91-9883953321,2026-08-23T06:33:00Z,194,TOWER-DL-CP-101,OUTGOING,VOICE
CDR-S36-00920,+91-9883953321,+91-9883948893,2026-08-22T07:29:00Z,8,TOWER-HR-KD-201,INCOMING,SMS
CDR-S36-00921,+91-9883948893,+91-9883950000,2026-08-23T17:09:00Z,531,TOWER-DL-VK-304,OUTGOING,VOICE
CDR-S36-00922,+91-9883950000,+91-9883951107,2026-08-22T07:47:00Z,544,TOWER-DL-CP-101,INCOMING,VOICE
CDR-S36-00923,+91-9883951107,+91-9883952214,2026-08-24T01:04:00Z,19,TOWER-HR-KD-201,OUTGOING,SMS
CDR-S36-00924,+91-9883952214,+91-9883953321,2026-08-23T12:40:00Z,8,TOWER-DL-VK-304,INCOMING,DATA
CDR-S36-00925,+91-9883953321,+91-9883948893,2026-08-22T10:28:00Z,304,TOWER-DL-CP-101,OUTGOING,VOICE
CDR-S36-00926,+91-9883948893,+91-9883950000,2026-08-23T22:34:00Z,14,TOWER-HR-KD-201,INCOMING,SMS
CDR-S36-00927,+91-9883950000,+91-9883951107,2026-08-23T15:27:00Z,329,TOWER-DL-VK-304,OUTGOING,VOICE
CDR-S36-00928,+91-9883951107,+91-9883952214,2026-08-24T15:58:00Z,272,TOWER-DL-CP-101,INCOMING,VOICE
CDR-S36-00929,+91-9883952214,+91-9883953321,2026-08-23T11:26:00Z,17,TOWER-HR-KD-201,OUTGOING,SMS
CDR-S36-00930,+91-9883953321,+91-9883948893,2026-08-24T14:03:00Z,12,TOWER-DL-VK-304,INCOMING,DATA
CDR-S36-00931,+91-9883948893,+91-9883950000,2026-08-25T00:21:00Z,518,TOWER-DL-CP-101,OUTGOING,VOICE
CDR-S36-00932,+91-9883950000,+91-9883951107,2026-08-23T23:28:00Z,15,TOWER-HR-KD-201,INCOMING,SMS
CDR-S36-00933,+91-9883951107,+91-9883952214,2026-08-22T18:20:00Z,424,TOWER-DL-VK-304,OUTGOING,VOICE
CDR-S36-00934,+91-9883952214,+91-9883953321,2026-08-24T11:13:00Z,15,TOWER-DL-CP-101,INCOMING,VOICE
CDR-S36-00935,+91-9883953321,+91-9883948893,2026-08-24T07:55:00Z,29,TOWER-HR-KD-201,OUTGOING,SMS
CDR-S36-00936,+91-9883948893,+91-9883950000,2026-08-24T19:44:00Z,24,TOWER-DL-VK-304,INCOMING,DATA
CDR-S36-00937,+91-9883950000,+91-9883951107,2026-08-24T10:57:00Z,453,TOWER-DL-CP-101,OUTGOING,VOICE
CDR-S36-00938,+91-9883951107,+91-9883952214,2026-08-23T09:01:00Z,18,TOWER-HR-KD-201,INCOMING,SMS
CDR-S36-00939,+91-9883952214,+91-9883953321,2026-08-23T18:03:00Z,27,TOWER-DL-VK-304,OUTGOING,VOICE
CDR-S36-00940,+91-9883953321,+91-9883948893,2026-08-22T07:37:00Z,285,TOWER-DL-CP-101,INCOMING,VOICE
CDR-S36-00941,+91-9883948893,+91-9883950000,2026-08-24T18:05:00Z,28,TOWER-HR-KD-201,OUTGOING,SMS
CDR-S36-00942,+91-9883950000,+91-9883951107,2026-08-25T03:39:00Z,23,TOWER-DL-VK-304,INCOMING,DATA
CDR-S36-00943,+91-9883951107,+91-9883952214,2026-08-23T21:07:00Z,397,TOWER-DL-CP-101,OUTGOING,VOICE
CDR-S36-00944,+91-9883952214,+91-9883953321,2026-08-24T12:48:00Z,1,TOWER-HR-KD-201,INCOMING,SMS
CDR-S36-00945,+91-9883953321,+91-9883948893,2026-08-23T12:25:00Z,450,TOWER-DL-VK-304,OUTGOING,VOICE
CDR-S36-00946,+91-9883948893,+91-9883950000,2026-08-24T09:18:00Z,160,TOWER-DL-CP-101,INCOMING,VOICE
CDR-S36-00947,+91-9883950000,+91-9883951107,2026-08-25T06:27:00Z,24,TOWER-HR-KD-201,OUTGOING,SMS
CDR-S36-00948,+91-9883951107,+91-9883952214,2026-08-22T11:08:00Z,1,TOWER-DL-VK-304,INCOMING,DATA
CDR-S36-00949,+91-9883952214,+91-9883953321,2026-08-24T10:27:00Z,38,TOWER-DL-CP-101,OUTGOING,VOICE
CDR-S36-00950,+91-9883953321,+91-9883948893,2026-08-24T15:10:00Z,30,TOWER-HR-KD-201,INCOMING,SMS
CDR-S36-00951,+91-9883948893,+91-9883950000,2026-08-23T13:51:00Z,224,TOWER-DL-VK-304,OUTGOING,VOICE
CDR-S36-00952,+91-9883950000,+91-9883951107,2026-08-23T19:07:00Z,223,TOWER-DL-CP-101,INCOMING,VOICE
CDR-S36-00953,+91-9883951107,+91-9883952214,2026-08-23T18:13:00Z,25,TOWER-HR-KD-201,OUTGOING,SMS
CDR-S36-00954,+91-9883952214,+91-9883953321,2026-08-23T23:36:00Z,7,TOWER-DL-VK-304,INCOMING,DATA
CDR-S36-00955,+91-9883953321,+91-9883948893,2026-08-22T23:06:00Z,41,TOWER-DL-CP-101,OUTGOING,VOICE
CDR-S36-00956,+91-9883948893,+91-9883950000,2026-08-23T18:46:00Z,13,TOWER-HR-KD-201,INCOMING,SMS
CDR-S36-00957,+91-9883950000,+91-9883951107,2026-08-24T11:58:00Z,73,TOWER-DL-VK-304,OUTGOING,VOICE
CDR-S36-00958,+91-9883951107,+91-9883952214,2026-08-23T15:54:00Z,84,TOWER-DL-CP-101,INCOMING,VOICE
CDR-S36-00959,+91-9883952214,+91-9883953321,2026-08-23T20:05:00Z,26,TOWER-HR-KD-201,OUTGOING,SMS
CDR-S36-00960,+91-9883953321,+91-9883948893,2026-08-24T14:53:00Z,11,TOWER-DL-VK-304,INCOMING,DATA
CDR-S36-00961,+91-9883948893,+91-9883950000,2026-08-23T08:22:00Z,243,TOWER-DL-CP-101,OUTGOING,VOICE
CDR-S36-00962,+91-9883950000,+91-9883951107,2026-08-23T12:10:00Z,12,TOWER-HR-KD-201,INCOMING,SMS
CDR-S36-00963,+91-9883951107,+91-9883952214,2026-08-24T00:29:00Z,526,TOWER-DL-VK-304,OUTGOING,VOICE
CDR-S36-00964,+91-9883952214,+91-9883953321,2026-08-24T13:59:00Z,506,TOWER-DL-CP-101,INCOMING,VOICE
CDR-S36-00965,+91-9883953321,+91-9883948893,2026-08-24T04:22:00Z,25,TOWER-HR-KD-201,OUTGOING,SMS
CDR-S36-00966,+91-9883948893,+91-9883950000,2026-08-23T04:43:00Z,18,TOWER-DL-VK-304,INCOMING,DATA
CDR-S36-00967,+91-9883950000,+91-9883951107,2026-08-23T22:01:00Z,206,TOWER-DL-CP-101,OUTGOING,VOICE
CDR-S36-00968,+91-9883951107,+91-9883952214,2026-08-24T16:31:00Z,25,TOWER-HR-KD-201,INCOMING,SMS
CDR-S36-00969,+91-9883952214,+91-9883953321,2026-08-24T14:38:00Z,271,TOWER-DL-VK-304,OUTGOING,VOICE
CDR-S36-00970,+91-9883953321,+91-9883948893,2026-08-24T07:41:00Z,475,TOWER-DL-CP-101,INCOMING,VOICE
CDR-S36-00971,+91-9883948893,+91-9883950000,2026-08-24T02:20:00Z,15,TOWER-HR-KD-201,OUTGOING,SMS
CDR-S36-00972,+91-9883950000,+91-9883951107,2026-08-22T17:56:00Z,16,TOWER-DL-VK-304,INCOMING,DATA
CDR-S36-00973,+91-9883951107,+91-9883952214,2026-08-24T12:23:00Z,323,TOWER-DL-CP-101,OUTGOING,VOICE
CDR-S36-00974,+91-9883952214,+91-9883953321,2026-08-23T05:09:00Z,25,TOWER-HR-KD-201,INCOMING,SMS
CDR-S36-00975,+91-9883953321,+91-9883948893,2026-08-23T12:28:00Z,437,TOWER-DL-VK-304,OUTGOING,VOICE
CDR-S36-00976,+91-9883948893,+91-9883950000,2026-08-23T10:23:00Z,341,TOWER-DL-CP-101,INCOMING,VOICE
CDR-S36-00977,+91-9883950000,+91-9883951107,2026-08-23T08:14:00Z,3,TOWER-HR-KD-201,OUTGOING,SMS
CDR-S36-00978,+91-9883951107,+91-9883952214,2026-08-24T17:07:00Z,13,TOWER-DL-VK-304,INCOMING,DATA
CDR-S36-00979,+91-9883952214,+91-9883953321,2026-08-24T21:31:00Z,511,TOWER-DL-CP-101,OUTGOING,VOICE
CDR-S36-00980,+91-9883953321,+91-9883948893,2026-08-23T04:51:00Z,17,TOWER-HR-KD-201,INCOMING,SMS
CDR-S36-00981,+91-9883948893,+91-9883950000,2026-08-22T14:29:00Z,493,TOWER-DL-VK-304,OUTGOING,VOICE
CDR-S36-00982,+91-9883950000,+91-9883951107,2026-08-25T00:41:00Z,328,TOWER-DL-CP-101,INCOMING,VOICE
CDR-S36-00983,+91-9883951107,+91-9883952214,2026-08-22T09:04:00Z,19,TOWER-HR-KD-201,OUTGOING,SMS
CDR-S36-00984,+91-9883952214,+91-9883953321,2026-08-22T11:38:00Z,1,TOWER-DL-VK-304,INCOMING,DATA
CDR-S36-00985,+91-9883953321,+91-9883948893,2026-08-23T18:05:00Z,184,TOWER-DL-CP-101,OUTGOING,VOICE
CDR-S36-00986,+91-9883948893,+91-9883950000,2026-08-22T07:21:00Z,21,TOWER-HR-KD-201,INCOMING,SMS
CDR-S36-00987,+91-9883950000,+91-9883951107,2026-08-24T13:53:00Z,283,TOWER-DL-VK-304,OUTGOING,VOICE
CDR-S36-00988,+91-9883951107,+91-9883952214,2026-08-25T01:38:00Z,410,TOWER-DL-CP-101,INCOMING,VOICE
CDR-S36-00989,+91-9883952214,+91-9883953321,2026-08-23T21:56:00Z,19,TOWER-HR-KD-201,OUTGOING,SMS
CDR-S36-00990,+91-9883953321,+91-9883948893,2026-08-23T16:19:00Z,26,TOWER-DL-VK-304,INCOMING,DATA
CDR-S36-00991,+91-9883948893,+91-9883950000,2026-08-22T21:48:00Z,509,TOWER-DL-CP-101,OUTGOING,VOICE
CDR-S36-00992,+91-9883950000,+91-9883951107,2026-08-23T10:57:00Z,15,TOWER-HR-KD-201,INCOMING,SMS
CDR-S36-00993,+91-9883951107,+91-9883952214,2026-08-25T02:08:00Z,390,TOWER-DL-VK-304,OUTGOING,VOICE
CDR-S36-00994,+91-9883952214,+91-9883953321,2026-08-24T17:33:00Z,537,TOWER-DL-CP-101,INCOMING,VOICE
CDR-S36-00995,+91-9883953321,+91-9883948893,2026-08-22T07:14:00Z,9,TOWER-HR-KD-201,OUTGOING,SMS
CDR-S36-00996,+91-9883948893,+91-9883950000,2026-08-24T05:16:00Z,6,TOWER-DL-VK-304,INCOMING,DATA
CDR-S36-00997,+91-9883950000,+91-9883951107,2026-08-22T08:29:00Z,328,TOWER-DL-CP-101,OUTGOING,VOICE
CDR-S36-00998,+91-9883951107,+91-9883952214,2026-08-23T13:14:00Z,4,TOWER-HR-KD-201,INCOMING,SMS
CDR-S36-00999,+91-9883952214,+91-9883953321,2026-08-25T01:06:00Z,539,TOWER-DL-VK-304,OUTGOING,VOICE
CDR-S36-01000,+91-9883953321,+91-9883948893,2026-08-23T14:21:00Z,196,TOWER-DL-CP-101,INCOMING,VOICE
CDR-S36-01001,+91-9883948893,+91-9883950000,2026-08-24T20:17:00Z,28,TOWER-HR-KD-201,OUTGOING,SMS
CDR-S36-01002,+91-9883950000,+91-9883951107,2026-08-23T02:59:00Z,16,TOWER-DL-VK-304,INCOMING,DATA
CDR-S36-01003,+91-9883951107,+91-9883952214,2026-08-24T00:30:00Z,331,TOWER-DL-CP-101,OUTGOING,VOICE
CDR-S36-01004,+91-9883952214,+91-9883953321,2026-08-25T05:34:00Z,19,TOWER-HR-KD-201,INCOMING,SMS
CDR-S36-01005,+91-9883953321,+91-9883948893,2026-08-24T19:52:00Z,26,TOWER-DL-VK-304,OUTGOING,VOICE
CDR-S36-01006,+91-9883948893,+91-9883950000,2026-08-22T15:55:00Z,184,TOWER-DL-CP-101,INCOMING,VOICE
CDR-S36-01007,+91-9883950000,+91-9883951107,2026-08-25T03:45:00Z,19,TOWER-HR-KD-201,OUTGOING,SMS
CDR-S36-01008,+91-9883951107,+91-9883952214,2026-08-24T11:11:00Z,10,TOWER-DL-VK-304,INCOMING,DATA
CDR-S36-01009,+91-9883952214,+91-9883953321,2026-08-23T10:29:00Z,75,TOWER-DL-CP-101,OUTGOING,VOICE
CDR-S36-01010,+91-9883953321,+91-9883948893,2026-08-24T06:55:00Z,19,TOWER-HR-KD-201,INCOMING,SMS
CDR-S36-01011,+91-9883948893,+91-9883950000,2026-08-24T19:14:00Z,236,TOWER-DL-VK-304,OUTGOING,VOICE
CDR-S36-01012,+91-9883950000,+91-9883951107,2026-08-22T13:03:00Z,74,TOWER-DL-CP-101,INCOMING,VOICE
CDR-S36-01013,+91-9883951107,+91-9883952214,2026-08-23T05:44:00Z,15,TOWER-HR-KD-201,OUTGOING,SMS
CDR-S36-01014,+91-9883952214,+91-9883953321,2026-08-23T22:00:00Z,6,TOWER-DL-VK-304,INCOMING,DATA
CDR-S36-01015,+91-9883953321,+91-9883948893,2026-08-22T08:26:00Z,481,TOWER-DL-CP-101,OUTGOING,VOICE
CDR-S36-01016,+91-9883948893,+91-9883950000,2026-08-24T23:39:00Z,28,TOWER-HR-KD-201,INCOMING,SMS
CDR-S36-01017,+91-9883950000,+91-9883951107,2026-08-22T10:38:00Z,312,TOWER-DL-VK-304,OUTGOING,VOICE
CDR-S36-01018,+91-9883951107,+91-9883952214,2026-08-23T04:59:00Z,59,TOWER-DL-CP-101,INCOMING,VOICE
CDR-S36-01019,+91-9883952214,+91-9883953321,2026-08-23T02:36:00Z,15,TOWER-HR-KD-201,OUTGOING,SMS
CDR-S36-01020,+91-9883953321,+91-9883948893,2026-08-24T05:12:00Z,14,TOWER-DL-VK-304,INCOMING,DATA
CDR-S36-01021,+91-9883948893,+91-9883950000,2026-08-23T16:40:00Z,74,TOWER-DL-CP-101,OUTGOING,VOICE
CDR-S36-01022,+91-9883950000,+91-9883951107,2026-08-24T05:23:00Z,22,TOWER-HR-KD-201,INCOMING,SMS
CDR-S36-01023,+91-9883951107,+91-9883952214,2026-08-23T11:34:00Z,452,TOWER-DL-VK-304,OUTGOING,VOICE
CDR-S36-01024,+91-9883952214,+91-9883953321,2026-08-24T18:37:00Z,177,TOWER-DL-CP-101,INCOMING,VOICE
CDR-S36-01025,+91-9883953321,+91-9883948893,2026-08-24T13:55:00Z,15,TOWER-HR-KD-201,OUTGOING,SMS
CDR-S36-01026,+91-9883948893,+91-9883950000,2026-08-23T23:56:00Z,9,TOWER-DL-VK-304,INCOMING,DATA
CDR-S36-01027,+91-9883950000,+91-9883951107,2026-08-23T01:46:00Z,171,TOWER-DL-CP-101,OUTGOING,VOICE
CDR-S36-01028,+91-9883951107,+91-9883952214,2026-08-23T00:08:00Z,23,TOWER-HR-KD-201,INCOMING,SMS
CDR-S36-01029,+91-9883952214,+91-9883953321,2026-08-24T01:59:00Z,364,TOWER-DL-VK-304,OUTGOING,VOICE
CDR-S36-01030,+91-9883953321,+91-9883948893,2026-08-25T00:21:00Z,451,TOWER-DL-CP-101,INCOMING,VOICE
CDR-S36-01031,+91-9883948893,+91-9883950000,2026-08-24T05:21:00Z,8,TOWER-HR-KD-201,OUTGOING,SMS
CDR-S36-01032,+91-9883950000,+91-9883951107,2026-08-22T08:09:00Z,29,TOWER-DL-VK-304,INCOMING,DATA
CDR-S36-01033,+91-9883951107,+91-9883952214,2026-08-22T21:18:00Z,20,TOWER-DL-CP-101,OUTGOING,VOICE
CDR-S36-01034,+91-9883952214,+91-9883953321,2026-08-23T20:53:00Z,28,TOWER-HR-KD-201,INCOMING,SMS
CDR-S36-01035,+91-9883953321,+91-9883948893,2026-08-23T04:27:00Z,277,TOWER-DL-VK-304,OUTGOING,VOICE
CDR-S36-01036,+91-9883948893,+91-9883950000,2026-08-22T08:27:00Z,32,TOWER-DL-CP-101,INCOMING,VOICE
CDR-S36-01037,+91-9883950000,+91-9883951107,2026-08-23T07:35:00Z,2,TOWER-HR-KD-201,OUTGOING,SMS
CDR-S36-01038,+91-9883951107,+91-9883952214,2026-08-24T13:39:00Z,8,TOWER-DL-VK-304,INCOMING,DATA
CDR-S36-01039,+91-9883952214,+91-9883953321,2026-08-23T11:24:00Z,356,TOWER-DL-CP-101,OUTGOING,VOICE
CDR-S36-01040,+91-9883953321,+91-9883948893,2026-08-22T19:47:00Z,30,TOWER-HR-KD-201,INCOMING,SMS
CDR-S36-01041,+91-9883948893,+91-9883950000,2026-08-24T09:56:00Z,596,TOWER-DL-VK-304,OUTGOING,VOICE
CDR-S36-01042,+91-9883950000,+91-9883951107,2026-08-23T11:10:00Z,334,TOWER-DL-CP-101,INCOMING,VOICE
CDR-S36-01043,+91-9883951107,+91-9883952214,2026-08-23T03:56:00Z,9,TOWER-HR-KD-201,OUTGOING,SMS
CDR-S36-01044,+91-9883952214,+91-9883953321,2026-08-24T01:54:00Z,26,TOWER-DL-VK-304,INCOMING,DATA
CDR-S36-01045,+91-9883953321,+91-9883948893,2026-08-23T15:37:00Z,453,TOWER-DL-CP-101,OUTGOING,VOICE
CDR-S36-01046,+91-9883948893,+91-9883950000,2026-08-22T15:42:00Z,29,TOWER-HR-KD-201,INCOMING,SMS
CDR-S36-01047,+91-9883950000,+91-9883951107,2026-08-23T16:14:00Z,566,TOWER-DL-VK-304,OUTGOING,VOICE
CDR-S36-01048,+91-9883951107,+91-9883952214,2026-08-24T09:59:00Z,510,TOWER-DL-CP-101,INCOMING,VOICE
CDR-S36-01049,+91-9883952214,+91-9883953321,2026-08-23T19:51:00Z,19,TOWER-HR-KD-201,OUTGOING,SMS
CDR-S36-01050,+91-9883953321,+91-9883948893,2026-08-23T13:32:00Z,25,TOWER-DL-VK-304,INCOMING,DATA
CDR-S36-01051,+91-9883948893,+91-9883950000,2026-08-24T10:52:00Z,590,TOWER-DL-CP-101,OUTGOING,VOICE
CDR-S36-01052,+91-9883950000,+91-9883951107,2026-08-23T21:42:00Z,4,TOWER-HR-KD-201,INCOMING,SMS
CDR-S36-01053,+91-9883951107,+91-9883952214,2026-08-22T14:34:00Z,597,TOWER-DL-VK-304,OUTGOING,VOICE
CDR-S36-01054,+91-9883952214,+91-9883953321,2026-08-22T07:21:00Z,322,TOWER-DL-CP-101,INCOMING,VOICE
CDR-S36-01055,+91-9883953321,+91-9883948893,2026-08-24T11:54:00Z,9,TOWER-HR-KD-201,OUTGOING,SMS
CDR-S36-01056,+91-9883948893,+91-9883950000,2026-08-24T22:28:00Z,16,TOWER-DL-VK-304,INCOMING,DATA
CDR-S36-01057,+91-9883950000,+91-9883951107,2026-08-23T06:23:00Z,317,TOWER-DL-CP-101,OUTGOING,VOICE
CDR-S36-01058,+91-9883951107,+91-9883952214,2026-08-23T23:41:00Z,30,TOWER-HR-KD-201,INCOMING,SMS
CDR-S36-01059,+91-9883952214,+91-9883953321,2026-08-23T18:33:00Z,542,TOWER-DL-VK-304,OUTGOING,VOICE
CDR-S36-01060,+91-9883953321,+91-9883948893,2026-08-24T23:04:00Z,514,TOWER-DL-CP-101,INCOMING,VOICE
CDR-S36-01061,+91-9883948893,+91-9883950000,2026-08-24T16:14:00Z,20,TOWER-HR-KD-201,OUTGOING,SMS
CDR-S36-01062,+91-9883950000,+91-9883951107,2026-08-24T03:35:00Z,26,TOWER-DL-VK-304,INCOMING,DATA
CDR-S36-01063,+91-9883951107,+91-9883952214,2026-08-24T11:03:00Z,168,TOWER-DL-CP-101,OUTGOING,VOICE
CDR-S36-01064,+91-9883952214,+91-9883953321,2026-08-23T12:57:00Z,1,TOWER-HR-KD-201,INCOMING,SMS
CDR-S36-01065,+91-9883953321,+91-9883948893,2026-08-25T06:13:00Z,117,TOWER-DL-VK-304,OUTGOING,VOICE
CDR-S36-01066,+91-9883948893,+91-9883950000,2026-08-24T15:44:00Z,238,TOWER-DL-CP-101,INCOMING,VOICE
CDR-S36-01067,+91-9883950000,+91-9883951107,2026-08-22T14:05:00Z,12,TOWER-HR-KD-201,OUTGOING,SMS
CDR-S36-01068,+91-9883951107,+91-9883952214,2026-08-22T21:57:00Z,19,TOWER-DL-VK-304,INCOMING,DATA
CDR-S36-01069,+91-9883952214,+91-9883953321,2026-08-25T02:39:00Z,69,TOWER-DL-CP-101,OUTGOING,VOICE
CDR-S36-01070,+91-9883953321,+91-9883948893,2026-08-24T23:00:00Z,4,TOWER-HR-KD-201,INCOMING,SMS
CDR-S36-01071,+91-9883948893,+91-9883950000,2026-08-23T13:16:00Z,373,TOWER-DL-VK-304,OUTGOING,VOICE
CDR-S36-01072,+91-9883950000,+91-9883951107,2026-08-23T11:27:00Z,286,TOWER-DL-CP-101,INCOMING,VOICE
CDR-S36-01073,+91-9883951107,+91-9883952214,2026-08-22T10:43:00Z,10,TOWER-HR-KD-201,OUTGOING,SMS
CDR-S36-01074,+91-9883952214,+91-9883953321,2026-08-24T19:07:00Z,13,TOWER-DL-VK-304,INCOMING,DATA
CDR-S36-01075,+91-9883953321,+91-9883948893,2026-08-24T21:31:00Z,273,TOWER-DL-CP-101,OUTGOING,VOICE
CDR-S36-01076,+91-9883948893,+91-9883950000,2026-08-22T16:32:00Z,17,TOWER-HR-KD-201,INCOMING,SMS
CDR-S36-01077,+91-9883950000,+91-9883951107,2026-08-24T15:06:00Z,214,TOWER-DL-VK-304,OUTGOING,VOICE
CDR-S36-01078,+91-9883951107,+91-9883952214,2026-08-22T18:28:00Z,598,TOWER-DL-CP-101,INCOMING,VOICE
CDR-S36-01079,+91-9883952214,+91-9883953321,2026-08-23T13:56:00Z,11,TOWER-HR-KD-201,OUTGOING,SMS
CDR-S36-01080,+91-9883953321,+91-9883948893,2026-08-24T14:30:00Z,25,TOWER-DL-VK-304,INCOMING,DATA
CDR-S36-01081,+91-9883948893,+91-9883950000,2026-08-23T17:41:00Z,152,TOWER-DL-CP-101,OUTGOING,VOICE
CDR-S36-01082,+91-9883950000,+91-9883951107,2026-08-24T09:40:00Z,19,TOWER-HR-KD-201,INCOMING,SMS
CDR-S36-01083,+91-9883951107,+91-9883952214,2026-08-24T21:59:00Z,442,TOWER-DL-VK-304,OUTGOING,VOICE
CDR-S36-01084,+91-9883952214,+91-9883953321,2026-08-24T19:05:00Z,54,TOWER-DL-CP-101,INCOMING,VOICE
CDR-S36-01085,+91-9883953321,+91-9883948893,2026-08-24T15:07:00Z,14,TOWER-HR-KD-201,OUTGOING,SMS
CDR-S36-01086,+91-9883948893,+91-9883950000,2026-08-25T05:42:00Z,3,TOWER-DL-VK-304,INCOMING,DATA
CDR-S36-01087,+91-9883950000,+91-9883951107,2026-08-24T19:20:00Z,499,TOWER-DL-CP-101,OUTGOING,VOICE
CDR-S36-01088,+91-9883951107,+91-9883952214,2026-08-24T15:58:00Z,11,TOWER-HR-KD-201,INCOMING,SMS
CDR-S36-01089,+91-9883952214,+91-9883953321,2026-08-23T01:45:00Z,451,TOWER-DL-VK-304,OUTGOING,VOICE
CDR-S36-01090,+91-9883953321,+91-9883948893,2026-08-24T19:36:00Z,503,TOWER-DL-CP-101,INCOMING,VOICE
CDR-S36-01091,+91-9883948893,+91-9883950000,2026-08-23T10:41:00Z,17,TOWER-HR-KD-201,OUTGOING,SMS
CDR-S36-01092,+91-9883950000,+91-9883951107,2026-08-24T04:16:00Z,3,TOWER-DL-VK-304,INCOMING,DATA
CDR-S36-01093,+91-9883951107,+91-9883952214,2026-08-25T02:36:00Z,331,TOWER-DL-CP-101,OUTGOING,VOICE
CDR-S36-01094,+91-9883952214,+91-9883953321,2026-08-24T20:44:00Z,23,TOWER-HR-KD-201,INCOMING,SMS
CDR-S36-01095,+91-9883953321,+91-9883948893,2026-08-24T03:09:00Z,309,TOWER-DL-VK-304,OUTGOING,VOICE
CDR-S36-01096,+91-9883948893,+91-9883950000,2026-08-24T05:51:00Z,340,TOWER-DL-CP-101,INCOMING,VOICE
CDR-S36-01097,+91-9883950000,+91-9883951107,2026-08-23T17:58:00Z,25,TOWER-HR-KD-201,OUTGOING,SMS
CDR-S36-01098,+91-9883951107,+91-9883952214,2026-08-24T03:59:00Z,28,TOWER-DL-VK-304,INCOMING,DATA
CDR-S36-01099,+91-9883952214,+91-9883953321,2026-08-24T09:55:00Z,122,TOWER-DL-CP-101,OUTGOING,VOICE
CDR-S36-01100,+91-9883953321,+91-9883948893,2026-08-25T03:36:00Z,5,TOWER-HR-KD-201,INCOMING,SMS
CDR-S36-01101,+91-9883948893,+91-9883950000,2026-08-23T04:34:00Z,343,TOWER-DL-VK-304,OUTGOING,VOICE
CDR-S36-01102,+91-9883950000,+91-9883951107,2026-08-23T21:54:00Z,347,TOWER-DL-CP-101,INCOMING,VOICE
CDR-S36-01103,+91-9883951107,+91-9883952214,2026-08-22T16:01:00Z,1,TOWER-HR-KD-201,OUTGOING,SMS
CDR-S36-01104,+91-9883952214,+91-9883953321,2026-08-24T15:56:00Z,9,TOWER-DL-VK-304,INCOMING,DATA
CDR-S36-01105,+91-9883953321,+91-9883948893,2026-08-23T01:16:00Z,205,TOWER-DL-CP-101,OUTGOING,VOICE
CDR-S36-01106,+91-9883948893,+91-9883950000,2026-08-24T19:03:00Z,15,TOWER-HR-KD-201,INCOMING,SMS
CDR-S36-01107,+91-9883950000,+91-9883951107,2026-08-23T12:59:00Z,528,TOWER-DL-VK-304,OUTGOING,VOICE
CDR-S36-01108,+91-9883951107,+91-9883952214,2026-08-22T08:52:00Z,579,TOWER-DL-CP-101,INCOMING,VOICE
CDR-S36-01109,+91-9883952214,+91-9883953321,2026-08-23T10:03:00Z,1,TOWER-HR-KD-201,OUTGOING,SMS
CDR-S36-01110,+91-9883953321,+91-9883948893,2026-08-22T23:32:00Z,30,TOWER-DL-VK-304,INCOMING,DATA
CDR-S36-01111,+91-9883948893,+91-9883950000,2026-08-23T23:51:00Z,175,TOWER-DL-CP-101,OUTGOING,VOICE
CDR-S36-01112,+91-9883950000,+91-9883951107,2026-08-24T15:47:00Z,7,TOWER-HR-KD-201,INCOMING,SMS
CDR-S36-01113,+91-9883951107,+91-9883952214,2026-08-24T20:12:00Z,186,TOWER-DL-VK-304,OUTGOING,VOICE
CDR-S36-01114,+91-9883952214,+91-9883953321,2026-08-23T08:54:00Z,17,TOWER-DL-CP-101,INCOMING,VOICE
CDR-S36-01115,+91-9883953321,+91-9883948893,2026-08-25T06:12:00Z,24,TOWER-HR-KD-201,OUTGOING,SMS
CDR-S36-01116,+91-9883948893,+91-9883950000,2026-08-22T19:24:00Z,29,TOWER-DL-VK-304,INCOMING,DATA
CDR-S36-01117,+91-9883950000,+91-9883951107,2026-08-23T21:25:00Z,221,TOWER-DL-CP-101,OUTGOING,VOICE
CDR-S36-01118,+91-9883951107,+91-9883952214,2026-08-22T17:30:00Z,14,TOWER-HR-KD-201,INCOMING,SMS
CDR-S36-01119,+91-9883952214,+91-9883953321,2026-08-25T06:14:00Z,431,TOWER-DL-VK-304,OUTGOING,VOICE
CDR-S36-01120,+91-9883953321,+91-9883948893,2026-08-24T21:25:00Z,232,TOWER-DL-CP-101,INCOMING,VOICE
CDR-S36-01121,+91-9883948893,+91-9883950000,2026-08-22T11:27:00Z,1,TOWER-HR-KD-201,OUTGOING,SMS
CDR-S36-01122,+91-9883950000,+91-9883951107,2026-08-24T14:05:00Z,11,TOWER-DL-VK-304,INCOMING,DATA
CDR-S36-01123,+91-9883951107,+91-9883952214,2026-08-23T03:20:00Z,514,TOWER-DL-CP-101,OUTGOING,VOICE
CDR-S36-01124,+91-9883952214,+91-9883953321,2026-08-22T10:41:00Z,17,TOWER-HR-KD-201,INCOMING,SMS
CDR-S36-01125,+91-9883953321,+91-9883948893,2026-08-24T22:11:00Z,508,TOWER-DL-VK-304,OUTGOING,VOICE
CDR-S36-01126,+91-9883948893,+91-9883950000,2026-08-22T13:32:00Z,52,TOWER-DL-CP-101,INCOMING,VOICE
CDR-S36-01127,+91-9883950000,+91-9883951107,2026-08-22T14:59:00Z,16,TOWER-HR-KD-201,OUTGOING,SMS
CDR-S36-01128,+91-9883951107,+91-9883952214,2026-08-23T07:32:00Z,18,TOWER-DL-VK-304,INCOMING,DATA
CDR-S36-01129,+91-9883952214,+91-9883953321,2026-08-24T19:04:00Z,508,TOWER-DL-CP-101,OUTGOING,VOICE
CDR-S36-01130,+91-9883953321,+91-9883948893,2026-08-24T07:29:00Z,28,TOWER-HR-KD-201,INCOMING,SMS
CDR-S36-01131,+91-9883948893,+91-9883950000,2026-08-22T16:19:00Z,326,TOWER-DL-VK-304,OUTGOING,VOICE
CDR-S36-01132,+91-9883950000,+91-9883951107,2026-08-23T14:55:00Z,431,TOWER-DL-CP-101,INCOMING,VOICE
CDR-S36-01133,+91-9883951107,+91-9883952214,2026-08-22T18:33:00Z,29,TOWER-HR-KD-201,OUTGOING,SMS
CDR-S36-01134,+91-9883952214,+91-9883953321,2026-08-24T20:25:00Z,22,TOWER-DL-VK-304,INCOMING,DATA
CDR-S36-01135,+91-9883953321,+91-9883948893,2026-08-24T03:18:00Z,6,TOWER-DL-CP-101,OUTGOING,VOICE
CDR-S36-01136,+91-9883948893,+91-9883950000,2026-08-24T00:21:00Z,9,TOWER-HR-KD-201,INCOMING,SMS
CDR-S36-01137,+91-9883950000,+91-9883951107,2026-08-23T09:29:00Z,579,TOWER-DL-VK-304,OUTGOING,VOICE
CDR-S36-01138,+91-9883951107,+91-9883952214,2026-08-23T21:16:00Z,552,TOWER-DL-CP-101,INCOMING,VOICE
CDR-S36-01139,+91-9883952214,+91-9883953321,2026-08-24T15:24:00Z,27,TOWER-HR-KD-201,OUTGOING,SMS
CDR-S36-01140,+91-9883953321,+91-9883948893,2026-08-22T09:22:00Z,25,TOWER-DL-VK-304,INCOMING,DATA
CDR-S36-01141,+91-9883948893,+91-9883950000,2026-08-22T09:55:00Z,243,TOWER-DL-CP-101,OUTGOING,VOICE
CDR-S36-01142,+91-9883950000,+91-9883951107,2026-08-25T05:40:00Z,6,TOWER-HR-KD-201,INCOMING,SMS
CDR-S36-01143,+91-9883951107,+91-9883952214,2026-08-23T16:02:00Z,132,TOWER-DL-VK-304,OUTGOING,VOICE
CDR-S36-01144,+91-9883952214,+91-9883953321,2026-08-22T21:05:00Z,93,TOWER-DL-CP-101,INCOMING,VOICE
CDR-S36-01145,+91-9883953321,+91-9883948893,2026-08-22T20:30:00Z,22,TOWER-HR-KD-201,OUTGOING,SMS
CDR-S36-01146,+91-9883948893,+91-9883950000,2026-08-25T03:23:00Z,7,TOWER-DL-VK-304,INCOMING,DATA
CDR-S36-01147,+91-9883950000,+91-9883951107,2026-08-24T11:02:00Z,188,TOWER-DL-CP-101,OUTGOING,VOICE
CDR-S36-01148,+91-9883951107,+91-9883952214,2026-08-22T20:28:00Z,7,TOWER-HR-KD-201,INCOMING,SMS
CDR-S36-01149,+91-9883952214,+91-9883953321,2026-08-22T21:00:00Z,326,TOWER-DL-VK-304,OUTGOING,VOICE
CDR-S36-01150,+91-9883953321,+91-9883948893,2026-08-23T07:17:00Z,583,TOWER-DL-CP-101,INCOMING,VOICE
CDR-S36-01151,+91-9883948893,+91-9883950000,2026-08-23T03:28:00Z,30,TOWER-HR-KD-201,OUTGOING,SMS
CDR-S36-01152,+91-9883950000,+91-9883951107,2026-08-24T18:01:00Z,28,TOWER-DL-VK-304,INCOMING,DATA
CDR-S36-01153,+91-9883951107,+91-9883952214,2026-08-22T11:17:00Z,107,TOWER-DL-CP-101,OUTGOING,VOICE
CDR-S36-01154,+91-9883952214,+91-9883953321,2026-08-22T08:23:00Z,18,TOWER-HR-KD-201,INCOMING,SMS
CDR-S36-01155,+91-9883953321,+91-9883948893,2026-08-25T01:58:00Z,72,TOWER-DL-VK-304,OUTGOING,VOICE
CDR-S36-01156,+91-9883948893,+91-9883950000,2026-08-23T17:12:00Z,27,TOWER-DL-CP-101,INCOMING,VOICE
CDR-S36-01157,+91-9883950000,+91-9883951107,2026-08-23T01:24:00Z,8,TOWER-HR-KD-201,OUTGOING,SMS
CDR-S36-01158,+91-9883951107,+91-9883952214,2026-08-24T10:55:00Z,23,TOWER-DL-VK-304,INCOMING,DATA
CDR-S36-01159,+91-9883952214,+91-9883953321,2026-08-25T05:44:00Z,293,TOWER-DL-CP-101,OUTGOING,VOICE
CDR-S36-01160,+91-9883953321,+91-9883948893,2026-08-23T18:05:00Z,14,TOWER-HR-KD-201,INCOMING,SMS
CDR-S36-01161,+91-9883948893,+91-9883950000,2026-08-24T02:59:00Z,261,TOWER-DL-VK-304,OUTGOING,VOICE
CDR-S36-01162,+91-9883950000,+91-9883951107,2026-08-24T11:37:00Z,228,TOWER-DL-CP-101,INCOMING,VOICE
CDR-S36-01163,+91-9883951107,+91-9883952214,2026-08-23T09:21:00Z,26,TOWER-HR-KD-201,OUTGOING,SMS
CDR-S36-01164,+91-9883952214,+91-9883953321,2026-08-22T15:59:00Z,20,TOWER-DL-VK-304,INCOMING,DATA
CDR-S36-01165,+91-9883953321,+91-9883948893,2026-08-22T23:28:00Z,75,TOWER-DL-CP-101,OUTGOING,VOICE
CDR-S36-01166,+91-9883948893,+91-9883950000,2026-08-24T13:28:00Z,1,TOWER-HR-KD-201,INCOMING,SMS
CDR-S36-01167,+91-9883950000,+91-9883951107,2026-08-23T20:19:00Z,91,TOWER-DL-VK-304,OUTGOING,VOICE
CDR-S36-01168,+91-9883951107,+91-9883952214,2026-08-23T22:05:00Z,403,TOWER-DL-CP-101,INCOMING,VOICE
CDR-S36-01169,+91-9883952214,+91-9883953321,2026-08-22T13:51:00Z,4,TOWER-HR-KD-201,OUTGOING,SMS
CDR-S36-01170,+91-9883953321,+91-9883948893,2026-08-22T16:43:00Z,22,TOWER-DL-VK-304,INCOMING,DATA
CDR-S36-01171,+91-9883948893,+91-9883950000,2026-08-25T04:02:00Z,348,TOWER-DL-CP-101,OUTGOING,VOICE
CDR-S36-01172,+91-9883950000,+91-9883951107,2026-08-24T16:40:00Z,18,TOWER-HR-KD-201,INCOMING,SMS
CDR-S36-01173,+91-9883951107,+91-9883952214,2026-08-23T22:56:00Z,600,TOWER-DL-VK-304,OUTGOING,VOICE
CDR-S36-01174,+91-9883952214,+91-9883953321,2026-08-23T22:21:00Z,99,TOWER-DL-CP-101,INCOMING,VOICE
CDR-S36-01175,+91-9883953321,+91-9883948893,2026-08-25T00:16:00Z,10,TOWER-HR-KD-201,OUTGOING,SMS
CDR-S36-01176,+91-9883948893,+91-9883950000,2026-08-23T18:47:00Z,12,TOWER-DL-VK-304,INCOMING,DATA
CDR-S36-01177,+91-9883950000,+91-9883951107,2026-08-22T08:34:00Z,429,TOWER-DL-CP-101,OUTGOING,VOICE
CDR-S36-01178,+91-9883951107,+91-9883952214,2026-08-23T20:17:00Z,28,TOWER-HR-KD-201,INCOMING,SMS
CDR-S36-01179,+91-9883952214,+91-9883953321,2026-08-22T17:38:00Z,321,TOWER-DL-VK-304,OUTGOING,VOICE
CDR-S36-01180,+91-9883953321,+91-9883948893,2026-08-22T13:52:00Z,532,TOWER-DL-CP-101,INCOMING,VOICE
CDR-S36-01181,+91-9883948893,+91-9883950000,2026-08-23T01:15:00Z,6,TOWER-HR-KD-201,OUTGOING,SMS
CDR-S36-01182,+91-9883950000,+91-9883951107,2026-08-24T12:35:00Z,1,TOWER-DL-VK-304,INCOMING,DATA
CDR-S36-01183,+91-9883951107,+91-9883952214,2026-08-24T13:48:00Z,129,TOWER-DL-CP-101,OUTGOING,VOICE
CDR-S36-01184,+91-9883952214,+91-9883953321,2026-08-24T23:03:00Z,15,TOWER-HR-KD-201,INCOMING,SMS
CDR-S36-01185,+91-9883953321,+91-9883948893,2026-08-23T13:34:00Z,140,TOWER-DL-VK-304,OUTGOING,VOICE
CDR-S36-01186,+91-9883948893,+91-9883950000,2026-08-23T14:36:00Z,244,TOWER-DL-CP-101,INCOMING,VOICE
CDR-S36-01187,+91-9883950000,+91-9883951107,2026-08-22T13:49:00Z,21,TOWER-HR-KD-201,OUTGOING,SMS
CDR-S36-01188,+91-9883951107,+91-9883952214,2026-08-23T16:42:00Z,29,TOWER-DL-VK-304,INCOMING,DATA
CDR-S36-01189,+91-9883952214,+91-9883953321,2026-08-23T15:29:00Z,387,TOWER-DL-CP-101,OUTGOING,VOICE
CDR-S36-01190,+91-9883953321,+91-9883948893,2026-08-24T18:09:00Z,1,TOWER-HR-KD-201,INCOMING,SMS
CDR-S36-01191,+91-9883948893,+91-9883950000,2026-08-23T13:12:00Z,77,TOWER-DL-VK-304,OUTGOING,VOICE
CDR-S36-01192,+91-9883950000,+91-9883951107,2026-08-22T21:11:00Z,135,TOWER-DL-CP-101,INCOMING,VOICE
CDR-S36-01193,+91-9883951107,+91-9883952214,2026-08-23T16:42:00Z,4,TOWER-HR-KD-201,OUTGOING,SMS
CDR-S36-01194,+91-9883952214,+91-9883953321,2026-08-24T17:59:00Z,11,TOWER-DL-VK-304,INCOMING,DATA
CDR-S36-01195,+91-9883953321,+91-9883948893,2026-08-24T13:05:00Z,285,TOWER-DL-CP-101,OUTGOING,VOICE
CDR-S36-01196,+91-9883948893,+91-9883950000,2026-08-23T14:03:00Z,12,TOWER-HR-KD-201,INCOMING,SMS
CDR-S36-01197,+91-9883950000,+91-9883951107,2026-08-23T18:19:00Z,469,TOWER-DL-VK-304,OUTGOING,VOICE
CDR-S36-01198,+91-9883951107,+91-9883952214,2026-08-23T11:24:00Z,145,TOWER-DL-CP-101,INCOMING,VOICE
CDR-S36-01199,+91-9883952214,+91-9883953321,2026-08-24T15:10:00Z,16,TOWER-HR-KD-201,OUTGOING,SMS
CDR-S36-01200,+91-9883953321,+91-9883948893,2026-08-24T09:57:00Z,24,TOWER-DL-VK-304,INCOMING,DATA
CDR-S36-01201,+91-9883948893,+91-9883950000,2026-08-24T13:35:00Z,348,TOWER-DL-CP-101,OUTGOING,VOICE
CDR-S36-01202,+91-9883950000,+91-9883951107,2026-08-24T15:12:00Z,21,TOWER-HR-KD-201,INCOMING,SMS
CDR-S36-01203,+91-9883951107,+91-9883952214,2026-08-24T23:28:00Z,509,TOWER-DL-VK-304,OUTGOING,VOICE
CDR-S36-01204,+91-9883952214,+91-9883953321,2026-08-24T12:06:00Z,401,TOWER-DL-CP-101,INCOMING,VOICE
CDR-S36-01205,+91-9883953321,+91-9883948893,2026-08-23T14:02:00Z,5,TOWER-HR-KD-201,OUTGOING,SMS
CDR-S36-01206,+91-9883948893,+91-9883950000,2026-08-24T14:54:00Z,6,TOWER-DL-VK-304,INCOMING,DATA
CDR-S36-01207,+91-9883950000,+91-9883951107,2026-08-23T03:25:00Z,465,TOWER-DL-CP-101,OUTGOING,VOICE
CDR-S36-01208,+91-9883951107,+91-9883952214,2026-08-24T18:44:00Z,12,TOWER-HR-KD-201,INCOMING,SMS
CDR-S36-01209,+91-9883952214,+91-9883953321,2026-08-23T00:27:00Z,440,TOWER-DL-VK-304,OUTGOING,VOICE
CDR-S36-01210,+91-9883953321,+91-9883948893,2026-08-22T19:59:00Z,76,TOWER-DL-CP-101,INCOMING,VOICE
CDR-S36-01211,+91-9883948893,+91-9883950000,2026-08-24T01:27:00Z,15,TOWER-HR-KD-201,OUTGOING,SMS
CDR-S36-01212,+91-9883950000,+91-9883951107,2026-08-23T20:29:00Z,6,TOWER-DL-VK-304,INCOMING,DATA
CDR-S36-01213,+91-9883951107,+91-9883952214,2026-08-22T08:34:00Z,441,TOWER-DL-CP-101,OUTGOING,VOICE
CDR-S36-01214,+91-9883952214,+91-9883953321,2026-08-23T09:07:00Z,14,TOWER-HR-KD-201,INCOMING,SMS
CDR-S36-01215,+91-9883953321,+91-9883948893,2026-08-24T14:30:00Z,129,TOWER-DL-VK-304,OUTGOING,VOICE
CDR-S36-01216,+91-9883948893,+91-9883950000,2026-08-24T15:24:00Z,582,TOWER-DL-CP-101,INCOMING,VOICE
CDR-S36-01217,+91-9883950000,+91-9883951107,2026-08-22T22:07:00Z,17,TOWER-HR-KD-201,OUTGOING,SMS
CDR-S36-01218,+91-9883951107,+91-9883952214,2026-08-23T17:38:00Z,7,TOWER-DL-VK-304,INCOMING,DATA
CDR-S36-01219,+91-9883952214,+91-9883953321,2026-08-25T02:52:00Z,428,TOWER-DL-CP-101,OUTGOING,VOICE
CDR-S36-01220,+91-9883953321,+91-9883948893,2026-08-23T14:57:00Z,12,TOWER-HR-KD-201,INCOMING,SMS
CDR-S36-01221,+91-9883948893,+91-9883950000,2026-08-23T05:37:00Z,209,TOWER-DL-VK-304,OUTGOING,VOICE
CDR-S36-01222,+91-9883950000,+91-9883951107,2026-08-24T16:16:00Z,191,TOWER-DL-CP-101,INCOMING,VOICE
CDR-S36-01223,+91-9883951107,+91-9883952214,2026-08-23T04:43:00Z,24,TOWER-HR-KD-201,OUTGOING,SMS
CDR-S36-01224,+91-9883952214,+91-9883953321,2026-08-22T21:34:00Z,23,TOWER-DL-VK-304,INCOMING,DATA
CDR-S36-01225,+91-9883953321,+91-9883948893,2026-08-24T06:49:00Z,388,TOWER-DL-CP-101,OUTGOING,VOICE
CDR-S36-01226,+91-9883948893,+91-9883950000,2026-08-22T07:30:00Z,29,TOWER-HR-KD-201,INCOMING,SMS
CDR-S36-01227,+91-9883950000,+91-9883951107,2026-08-22T13:56:00Z,24,TOWER-DL-VK-304,OUTGOING,VOICE
CDR-S36-01228,+91-9883951107,+91-9883952214,2026-08-25T00:47:00Z,561,TOWER-DL-CP-101,INCOMING,VOICE
CDR-S36-01229,+91-9883952214,+91-9883953321,2026-08-22T23:42:00Z,4,TOWER-HR-KD-201,OUTGOING,SMS
CDR-S36-01230,+91-9883953321,+91-9883948893,2026-08-22T12:03:00Z,25,TOWER-DL-VK-304,INCOMING,DATA
CDR-S36-01231,+91-9883948893,+91-9883950000,2026-08-24T22:32:00Z,254,TOWER-DL-CP-101,OUTGOING,VOICE
CDR-S36-01232,+91-9883950000,+91-9883951107,2026-08-24T08:23:00Z,25,TOWER-HR-KD-201,INCOMING,SMS
CDR-S36-01233,+91-9883951107,+91-9883952214,2026-08-24T19:46:00Z,400,TOWER-DL-VK-304,OUTGOING,VOICE
CDR-S36-01234,+91-9883952214,+91-9883953321,2026-08-24T11:38:00Z,90,TOWER-DL-CP-101,INCOMING,VOICE
CDR-S36-01235,+91-9883953321,+91-9883948893,2026-08-25T01:14:00Z,9,TOWER-HR-KD-201,OUTGOING,SMS
CDR-S36-01236,+91-9883948893,+91-9883950000,2026-08-22T19:09:00Z,11,TOWER-DL-VK-304,INCOMING,DATA
CDR-S36-01237,+91-9883950000,+91-9883951107,2026-08-22T23:54:00Z,234,TOWER-DL-CP-101,OUTGOING,VOICE
CDR-S36-01238,+91-9883951107,+91-9883952214,2026-08-23T01:25:00Z,10,TOWER-HR-KD-201,INCOMING,SMS
CDR-S36-01239,+91-9883952214,+91-9883953321,2026-08-24T05:35:00Z,567,TOWER-DL-VK-304,OUTGOING,VOICE
CDR-S36-01240,+91-9883953321,+91-9883948893,2026-08-23T12:24:00Z,581,TOWER-DL-CP-101,INCOMING,VOICE
CDR-S36-01241,+91-9883948893,+91-9883950000,2026-08-24T11:18:00Z,11,TOWER-HR-KD-201,OUTGOING,SMS
CDR-S36-01242,+91-9883950000,+91-9883951107,2026-08-23T09:49:00Z,14,TOWER-DL-VK-304,INCOMING,DATA
CDR-S36-01243,+91-9883951107,+91-9883952214,2026-08-24T20:35:00Z,589,TOWER-DL-CP-101,OUTGOING,VOICE
CDR-S36-01244,+91-9883952214,+91-9883953321,2026-08-25T02:43:00Z,7,TOWER-HR-KD-201,INCOMING,SMS
CDR-S36-01245,+91-9883953321,+91-9883948893,2026-08-22T19:19:00Z,160,TOWER-DL-VK-304,OUTGOING,VOICE
CDR-S36-01246,+91-9883948893,+91-9883950000,2026-08-23T15:44:00Z,384,TOWER-DL-CP-101,INCOMING,VOICE
CDR-S36-01247,+91-9883950000,+91-9883951107,2026-08-24T22:33:00Z,9,TOWER-HR-KD-201,OUTGOING,SMS
CDR-S36-01248,+91-9883951107,+91-9883952214,2026-08-24T15:57:00Z,3,TOWER-DL-VK-304,INCOMING,DATA
CDR-S36-01249,+91-9883952214,+91-9883953321,2026-08-22T07:35:00Z,526,TOWER-DL-CP-101,OUTGOING,VOICE
CDR-S36-01250,+91-9883953321,+91-9883948893,2026-08-22T12:00:00Z,22,TOWER-HR-KD-201,INCOMING,SMS
CDR-S36-01251,+91-9883948893,+91-9883950000,2026-08-24T10:04:00Z,544,TOWER-DL-VK-304,OUTGOING,VOICE
CDR-S36-01252,+91-9883950000,+91-9883951107,2026-08-25T05:49:00Z,202,TOWER-DL-CP-101,INCOMING,VOICE
CDR-S36-01253,+91-9883951107,+91-9883952214,2026-08-24T19:19:00Z,15,TOWER-HR-KD-201,OUTGOING,SMS
CDR-S36-01254,+91-9883952214,+91-9883953321,2026-08-25T05:15:00Z,2,TOWER-DL-VK-304,INCOMING,DATA
CDR-S36-01255,+91-9883953321,+91-9883948893,2026-08-22T14:11:00Z,314,TOWER-DL-CP-101,OUTGOING,VOICE
CDR-S36-01256,+91-9883948893,+91-9883950000,2026-08-22T20:12:00Z,2,TOWER-HR-KD-201,INCOMING,SMS
CDR-S36-01257,+91-9883950000,+91-9883951107,2026-08-24T19:21:00Z,551,TOWER-DL-VK-304,OUTGOING,VOICE
CDR-S36-01258,+91-9883951107,+91-9883952214,2026-08-24T12:31:00Z,462,TOWER-DL-CP-101,INCOMING,VOICE
CDR-S36-01259,+91-9883952214,+91-9883953321,2026-08-24T15:10:00Z,24,TOWER-HR-KD-201,OUTGOING,SMS
CDR-S36-01260,+91-9883953321,+91-9883948893,2026-08-23T20:18:00Z,3,TOWER-DL-VK-304,INCOMING,DATA
CDR-S36-01261,+91-9883948893,+91-9883950000,2026-08-24T12:07:00Z,212,TOWER-DL-CP-101,OUTGOING,VOICE
CDR-S36-01262,+91-9883950000,+91-9883951107,2026-08-22T08:45:00Z,10,TOWER-HR-KD-201,INCOMING,SMS
CDR-S36-01263,+91-9883951107,+91-9883952214,2026-08-23T23:46:00Z,190,TOWER-DL-VK-304,OUTGOING,VOICE
CDR-S36-01264,+91-9883952214,+91-9883953321,2026-08-23T15:04:00Z,12,TOWER-DL-CP-101,INCOMING,VOICE
CDR-S36-01265,+91-9883953321,+91-9883948893,2026-08-25T01:31:00Z,28,TOWER-HR-KD-201,OUTGOING,SMS
CDR-S36-01266,+91-9883948893,+91-9883950000,2026-08-22T14:58:00Z,2,TOWER-DL-VK-304,INCOMING,DATA
CDR-S36-01267,+91-9883950000,+91-9883951107,2026-08-23T18:06:00Z,331,TOWER-DL-CP-101,OUTGOING,VOICE
CDR-S36-01268,+91-9883951107,+91-9883952214,2026-08-23T10:24:00Z,11,TOWER-HR-KD-201,INCOMING,SMS
CDR-S36-01269,+91-9883952214,+91-9883953321,2026-08-25T00:50:00Z,260,TOWER-DL-VK-304,OUTGOING,VOICE
CDR-S36-01270,+91-9883953321,+91-9883948893,2026-08-22T13:59:00Z,535,TOWER-DL-CP-101,INCOMING,VOICE
CDR-S36-01271,+91-9883948893,+91-9883950000,2026-08-22T19:33:00Z,18,TOWER-HR-KD-201,OUTGOING,SMS
CDR-S36-01272,+91-9883950000,+91-9883951107,2026-08-22T07:35:00Z,27,TOWER-DL-VK-304,INCOMING,DATA
CDR-S36-01273,+91-9883951107,+91-9883952214,2026-08-24T15:09:00Z,418,TOWER-DL-CP-101,OUTGOING,VOICE
CDR-S36-01274,+91-9883952214,+91-9883953321,2026-08-24T17:32:00Z,21,TOWER-HR-KD-201,INCOMING,SMS
CDR-S36-01275,+91-9883953321,+91-9883948893,2026-08-23T11:17:00Z,119,TOWER-DL-VK-304,OUTGOING,VOICE
CDR-S36-01276,+91-9883948893,+91-9883950000,2026-08-23T22:18:00Z,423,TOWER-DL-CP-101,INCOMING,VOICE
CDR-S36-01277,+91-9883950000,+91-9883951107,2026-08-24T19:20:00Z,20,TOWER-HR-KD-201,OUTGOING,SMS
CDR-S36-01278,+91-9883951107,+91-9883952214,2026-08-23T20:08:00Z,11,TOWER-DL-VK-304,INCOMING,DATA
CDR-S36-01279,+91-9883952214,+91-9883953321,2026-08-24T02:25:00Z,22,TOWER-DL-CP-101,OUTGOING,VOICE
CDR-S36-01280,+91-9883953321,+91-9883948893,2026-08-25T01:47:00Z,6,TOWER-HR-KD-201,INCOMING,SMS
CDR-S36-01281,+91-9883948893,+91-9883950000,2026-08-22T19:57:00Z,146,TOWER-DL-VK-304,OUTGOING,VOICE
CDR-S36-01282,+91-9883950000,+91-9883951107,2026-08-23T12:52:00Z,215,TOWER-DL-CP-101,INCOMING,VOICE
CDR-S36-01283,+91-9883951107,+91-9883952214,2026-08-22T17:18:00Z,26,TOWER-HR-KD-201,OUTGOING,SMS
CDR-S36-01284,+91-9883952214,+91-9883953321,2026-08-22T09:00:00Z,23,TOWER-DL-VK-304,INCOMING,DATA
CDR-S36-01285,+91-9883953321,+91-9883948893,2026-08-22T09:33:00Z,465,TOWER-DL-CP-101,OUTGOING,VOICE
CDR-S36-01286,+91-9883948893,+91-9883950000,2026-08-23T17:44:00Z,30,TOWER-HR-KD-201,INCOMING,SMS
CDR-S36-01287,+91-9883950000,+91-9883951107,2026-08-25T03:53:00Z,434,TOWER-DL-VK-304,OUTGOING,VOICE
CDR-S36-01288,+91-9883951107,+91-9883952214,2026-08-24T05:18:00Z,569,TOWER-DL-CP-101,INCOMING,VOICE
CDR-S36-01289,+91-9883952214,+91-9883953321,2026-08-24T05:55:00Z,27,TOWER-HR-KD-201,OUTGOING,SMS
CDR-S36-01290,+91-9883953321,+91-9883948893,2026-08-22T15:35:00Z,1,TOWER-DL-VK-304,INCOMING,DATA
CDR-S36-01291,+91-9883948893,+91-9883950000,2026-08-22T22:29:00Z,287,TOWER-DL-CP-101,OUTGOING,VOICE
CDR-S36-01292,+91-9883950000,+91-9883951107,2026-08-23T05:41:00Z,19,TOWER-HR-KD-201,INCOMING,SMS
CDR-S36-01293,+91-9883951107,+91-9883952214,2026-08-22T16:51:00Z,63,TOWER-DL-VK-304,OUTGOING,VOICE
CDR-S36-01294,+91-9883952214,+91-9883953321,2026-08-24T15:02:00Z,290,TOWER-DL-CP-101,INCOMING,VOICE
CDR-S36-01295,+91-9883953321,+91-9883948893,2026-08-25T02:15:00Z,25,TOWER-HR-KD-201,OUTGOING,SMS
CDR-S36-01296,+91-9883948893,+91-9883950000,2026-08-23T21:46:00Z,16,TOWER-DL-VK-304,INCOMING,DATA
CDR-S36-01297,+91-9883950000,+91-9883951107,2026-08-24T18:52:00Z,242,TOWER-DL-CP-101,OUTGOING,VOICE
CDR-S36-01298,+91-9883951107,+91-9883952214,2026-08-25T03:36:00Z,29,TOWER-HR-KD-201,INCOMING,SMS
CDR-S36-01299,+91-9883952214,+91-9883953321,2026-08-24T10:21:00Z,71,TOWER-DL-VK-304,OUTGOING,VOICE
CDR-S36-01300,+91-9883953321,+91-9883948893,2026-08-22T11:57:00Z,9,TOWER-DL-CP-101,INCOMING,VOICE
CDR-S36-01301,+91-9883948893,+91-9883950000,2026-08-23T21:44:00Z,28,TOWER-HR-KD-201,OUTGOING,SMS
CDR-S36-01302,+91-9883950000,+91-9883951107,2026-08-24T03:19:00Z,8,TOWER-DL-VK-304,INCOMING,DATA
CDR-S36-01303,+91-9883951107,+91-9883952214,2026-08-24T01:03:00Z,423,TOWER-DL-CP-101,OUTGOING,VOICE
CDR-S36-01304,+91-9883952214,+91-9883953321,2026-08-24T21:50:00Z,29,TOWER-HR-KD-201,INCOMING,SMS
CDR-S36-01305,+91-9883953321,+91-9883948893,2026-08-22T09:10:00Z,194,TOWER-DL-VK-304,OUTGOING,VOICE
CDR-S36-01306,+91-9883948893,+91-9883950000,2026-08-24T03:33:00Z,123,TOWER-DL-CP-101,INCOMING,VOICE
CDR-S36-01307,+91-9883950000,+91-9883951107,2026-08-25T01:26:00Z,29,TOWER-HR-KD-201,OUTGOING,SMS
CDR-S36-01308,+91-9883951107,+91-9883952214,2026-08-23T10:06:00Z,26,TOWER-DL-VK-304,INCOMING,DATA
CDR-S36-01309,+91-9883952214,+91-9883953321,2026-08-22T20:29:00Z,451,TOWER-DL-CP-101,OUTGOING,VOICE
CDR-S36-01310,+91-9883953321,+91-9883948893,2026-08-24T16:34:00Z,26,TOWER-HR-KD-201,INCOMING,SMS
CDR-S36-01311,+91-9883948893,+91-9883950000,2026-08-23T17:12:00Z,485,TOWER-DL-VK-304,OUTGOING,VOICE
CDR-S36-01312,+91-9883950000,+91-9883951107,2026-08-25T01:06:00Z,96,TOWER-DL-CP-101,INCOMING,VOICE
CDR-S36-01313,+91-9883951107,+91-9883952214,2026-08-23T05:27:00Z,8,TOWER-HR-KD-201,OUTGOING,SMS
CDR-S36-01314,+91-9883952214,+91-9883953321,2026-08-22T16:57:00Z,25,TOWER-DL-VK-304,INCOMING,DATA
CDR-S36-01315,+91-9883953321,+91-9883948893,2026-08-23T23:06:00Z,249,TOWER-DL-CP-101,OUTGOING,VOICE
CDR-S36-01316,+91-9883948893,+91-9883950000,2026-08-22T17:13:00Z,16,TOWER-HR-KD-201,INCOMING,SMS
CDR-S36-01317,+91-9883950000,+91-9883951107,2026-08-24T08:07:00Z,114,TOWER-DL-VK-304,OUTGOING,VOICE
CDR-S36-01318,+91-9883951107,+91-9883952214,2026-08-23T02:45:00Z,456,TOWER-DL-CP-101,INCOMING,VOICE
CDR-S36-01319,+91-9883952214,+91-9883953321,2026-08-23T05:46:00Z,12,TOWER-HR-KD-201,OUTGOING,SMS
CDR-S36-01320,+91-9883953321,+91-9883948893,2026-08-23T10:25:00Z,16,TOWER-DL-VK-304,INCOMING,DATA
CDR-S36-01321,+91-9883948893,+91-9883950000,2026-08-23T12:07:00Z,498,TOWER-DL-CP-101,OUTGOING,VOICE
CDR-S36-01322,+91-9883950000,+91-9883951107,2026-08-23T02:58:00Z,13,TOWER-HR-KD-201,INCOMING,SMS
CDR-S36-01323,+91-9883951107,+91-9883952214,2026-08-24T23:05:00Z,367,TOWER-DL-VK-304,OUTGOING,VOICE
CDR-S36-01324,+91-9883952214,+91-9883953321,2026-08-24T09:26:00Z,27,TOWER-DL-CP-101,INCOMING,VOICE
CDR-S36-01325,+91-9883953321,+91-9883948893,2026-08-23T07:52:00Z,9,TOWER-HR-KD-201,OUTGOING,SMS
CDR-S36-01326,+91-9883948893,+91-9883950000,2026-08-23T03:50:00Z,10,TOWER-DL-VK-304,INCOMING,DATA
CDR-S36-01327,+91-9883950000,+91-9883951107,2026-08-23T00:39:00Z,68,TOWER-DL-CP-101,OUTGOING,VOICE
CDR-S36-01328,+91-9883951107,+91-9883952214,2026-08-23T19:59:00Z,2,TOWER-HR-KD-201,INCOMING,SMS
CDR-S36-01329,+91-9883952214,+91-9883953321,2026-08-22T08:59:00Z,404,TOWER-DL-VK-304,OUTGOING,VOICE
CDR-S36-01330,+91-9883953321,+91-9883948893,2026-08-24T23:14:00Z,46,TOWER-DL-CP-101,INCOMING,VOICE
CDR-S36-01331,+91-9883948893,+91-9883950000,2026-08-22T15:53:00Z,23,TOWER-HR-KD-201,OUTGOING,SMS
CDR-S36-01332,+91-9883950000,+91-9883951107,2026-08-24T13:46:00Z,16,TOWER-DL-VK-304,INCOMING,DATA
CDR-S36-01333,+91-9883951107,+91-9883952214,2026-08-22T07:45:00Z,37,TOWER-DL-CP-101,OUTGOING,VOICE
CDR-S36-01334,+91-9883952214,+91-9883953321,2026-08-25T05:48:00Z,12,TOWER-HR-KD-201,INCOMING,SMS
CDR-S36-01335,+91-9883953321,+91-9883948893,2026-08-23T13:01:00Z,410,TOWER-DL-VK-304,OUTGOING,VOICE
CDR-S36-01336,+91-9883948893,+91-9883950000,2026-08-23T06:07:00Z,146,TOWER-DL-CP-101,INCOMING,VOICE
CDR-S36-01337,+91-9883950000,+91-9883951107,2026-08-23T07:37:00Z,18,TOWER-HR-KD-201,OUTGOING,SMS
CDR-S36-01338,+91-9883951107,+91-9883952214,2026-08-25T00:14:00Z,11,TOWER-DL-VK-304,INCOMING,DATA
CDR-S36-01339,+91-9883952214,+91-9883953321,2026-08-24T11:36:00Z,400,TOWER-DL-CP-101,OUTGOING,VOICE
CDR-S36-01340,+91-9883953321,+91-9883948893,2026-08-23T22:32:00Z,23,TOWER-HR-KD-201,INCOMING,SMS
CDR-S36-01341,+91-9883948893,+91-9883950000,2026-08-25T04:50:00Z,493,TOWER-DL-VK-304,OUTGOING,VOICE
CDR-S36-01342,+91-9883950000,+91-9883951107,2026-08-22T13:43:00Z,24,TOWER-DL-CP-101,INCOMING,VOICE
CDR-S36-01343,+91-9883951107,+91-9883952214,2026-08-24T06:02:00Z,27,TOWER-HR-KD-201,OUTGOING,SMS
CDR-S36-01344,+91-9883952214,+91-9883953321,2026-08-24T17:01:00Z,13,TOWER-DL-VK-304,INCOMING,DATA
CDR-S36-01345,+91-9883953321,+91-9883948893,2026-08-23T00:42:00Z,99,TOWER-DL-CP-101,OUTGOING,VOICE
CDR-S36-01346,+91-9883948893,+91-9883950000,2026-08-23T02:05:00Z,2,TOWER-HR-KD-201,INCOMING,SMS
CDR-S36-01347,+91-9883950000,+91-9883951107,2026-08-23T13:27:00Z,372,TOWER-DL-VK-304,OUTGOING,VOICE
CDR-S36-01348,+91-9883951107,+91-9883952214,2026-08-24T18:00:00Z,98,TOWER-DL-CP-101,INCOMING,VOICE
CDR-S36-01349,+91-9883952214,+91-9883953321,2026-08-24T07:55:00Z,11,TOWER-HR-KD-201,OUTGOING,SMS
CDR-S36-01350,+91-9883953321,+91-9883948893,2026-08-23T07:33:00Z,5,TOWER-DL-VK-304,INCOMING,DATA
CDR-S36-01351,+91-9883948893,+91-9883950000,2026-08-22T20:36:00Z,528,TOWER-DL-CP-101,OUTGOING,VOICE
CDR-S36-01352,+91-9883950000,+91-9883951107,2026-08-23T11:36:00Z,4,TOWER-HR-KD-201,INCOMING,SMS
CDR-S36-01353,+91-9883951107,+91-9883952214,2026-08-22T23:53:00Z,246,TOWER-DL-VK-304,OUTGOING,VOICE
CDR-S36-01354,+91-9883952214,+91-9883953321,2026-08-22T23:21:00Z,89,TOWER-DL-CP-101,INCOMING,VOICE
CDR-S36-01355,+91-9883953321,+91-9883948893,2026-08-23T06:46:00Z,22,TOWER-HR-KD-201,OUTGOING,SMS
CDR-S36-01356,+91-9883948893,+91-9883950000,2026-08-22T23:10:00Z,14,TOWER-DL-VK-304,INCOMING,DATA
CDR-S36-01357,+91-9883950000,+91-9883951107,2026-08-23T11:07:00Z,168,TOWER-DL-CP-101,OUTGOING,VOICE
CDR-S36-01358,+91-9883951107,+91-9883952214,2026-08-23T01:16:00Z,15,TOWER-HR-KD-201,INCOMING,SMS
CDR-S36-01359,+91-9883952214,+91-9883953321,2026-08-24T03:49:00Z,554,TOWER-DL-VK-304,OUTGOING,VOICE
CDR-S36-01360,+91-9883953321,+91-9883948893,2026-08-24T21:16:00Z,322,TOWER-DL-CP-101,INCOMING,VOICE
CDR-S36-01361,+91-9883948893,+91-9883950000,2026-08-25T03:14:00Z,7,TOWER-HR-KD-201,OUTGOING,SMS
CDR-S36-01362,+91-9883950000,+91-9883951107,2026-08-22T23:59:00Z,21,TOWER-DL-VK-304,INCOMING,DATA
CDR-S36-01363,+91-9883951107,+91-9883952214,2026-08-24T19:49:00Z,367,TOWER-DL-CP-101,OUTGOING,VOICE
CDR-S36-01364,+91-9883952214,+91-9883953321,2026-08-23T13:39:00Z,18,TOWER-HR-KD-201,INCOMING,SMS
CDR-S36-01365,+91-9883953321,+91-9883948893,2026-08-22T07:23:00Z,151,TOWER-DL-VK-304,OUTGOING,VOICE
CDR-S36-01366,+91-9883948893,+91-9883950000,2026-08-23T19:06:00Z,579,TOWER-DL-CP-101,INCOMING,VOICE
CDR-S36-01367,+91-9883950000,+91-9883951107,2026-08-23T20:54:00Z,10,TOWER-HR-KD-201,OUTGOING,SMS
CDR-S36-01368,+91-9883951107,+91-9883952214,2026-08-22T14:00:00Z,13,TOWER-DL-VK-304,INCOMING,DATA
CDR-S36-01369,+91-9883952214,+91-9883953321,2026-08-24T07:48:00Z,493,TOWER-DL-CP-101,OUTGOING,VOICE
CDR-S36-01370,+91-9883953321,+91-9883948893,2026-08-23T13:54:00Z,18,TOWER-HR-KD-201,INCOMING,SMS
CDR-S36-01371,+91-9883948893,+91-9883950000,2026-08-23T11:22:00Z,172,TOWER-DL-VK-304,OUTGOING,VOICE
CDR-S36-01372,+91-9883950000,+91-9883951107,2026-08-22T15:56:00Z,135,TOWER-DL-CP-101,INCOMING,VOICE
CDR-S36-01373,+91-9883951107,+91-9883952214,2026-08-22T16:22:00Z,7,TOWER-HR-KD-201,OUTGOING,SMS
CDR-S36-01374,+91-9883952214,+91-9883953321,2026-08-23T09:16:00Z,1,TOWER-DL-VK-304,INCOMING,DATA
CDR-S36-01375,+91-9883953321,+91-9883948893,2026-08-24T09:36:00Z,415,TOWER-DL-CP-101,OUTGOING,VOICE
CDR-S36-01376,+91-9883948893,+91-9883950000,2026-08-23T23:22:00Z,9,TOWER-HR-KD-201,INCOMING,SMS
CDR-S36-01377,+91-9883950000,+91-9883951107,2026-08-24T21:44:00Z,178,TOWER-DL-VK-304,OUTGOING,VOICE
CDR-S36-01378,+91-9883951107,+91-9883952214,2026-08-23T11:54:00Z,575,TOWER-DL-CP-101,INCOMING,VOICE
CDR-S36-01379,+91-9883952214,+91-9883953321,2026-08-24T06:23:00Z,18,TOWER-HR-KD-201,OUTGOING,SMS
CDR-S36-01380,+91-9883953321,+91-9883948893,2026-08-25T04:26:00Z,2,TOWER-DL-VK-304,INCOMING,DATA
CDR-S36-01381,+91-9883948893,+91-9883950000,2026-08-22T14:40:00Z,82,TOWER-DL-CP-101,OUTGOING,VOICE
CDR-S36-01382,+91-9883950000,+91-9883951107,2026-08-22T13:08:00Z,6,TOWER-HR-KD-201,INCOMING,SMS
CDR-S36-01383,+91-9883951107,+91-9883952214,2026-08-22T15:11:00Z,468,TOWER-DL-VK-304,OUTGOING,VOICE
CDR-S36-01384,+91-9883952214,+91-9883953321,2026-08-24T01:17:00Z,259,TOWER-DL-CP-101,INCOMING,VOICE
CDR-S36-01385,+91-9883953321,+91-9883948893,2026-08-24T15:58:00Z,17,TOWER-HR-KD-201,OUTGOING,SMS
CDR-S36-01386,+91-9883948893,+91-9883950000,2026-08-22T18:24:00Z,13,TOWER-DL-VK-304,INCOMING,DATA
CDR-S36-01387,+91-9883950000,+91-9883951107,2026-08-25T02:25:00Z,576,TOWER-DL-CP-101,OUTGOING,VOICE
CDR-S36-01388,+91-9883951107,+91-9883952214,2026-08-22T21:30:00Z,7,TOWER-HR-KD-201,INCOMING,SMS
CDR-S36-01389,+91-9883952214,+91-9883953321,2026-08-24T07:07:00Z,517,TOWER-DL-VK-304,OUTGOING,VOICE
CDR-S36-01390,+91-9883953321,+91-9883948893,2026-08-22T07:43:00Z,398,TOWER-DL-CP-101,INCOMING,VOICE
CDR-S36-01391,+91-9883948893,+91-9883950000,2026-08-23T03:19:00Z,27,TOWER-HR-KD-201,OUTGOING,SMS
CDR-S36-01392,+91-9883950000,+91-9883951107,2026-08-23T14:18:00Z,16,TOWER-DL-VK-304,INCOMING,DATA
CDR-S36-01393,+91-9883951107,+91-9883952214,2026-08-24T13:55:00Z,384,TOWER-DL-CP-101,OUTGOING,VOICE
CDR-S36-01394,+91-9883952214,+91-9883953321,2026-08-23T02:42:00Z,25,TOWER-HR-KD-201,INCOMING,SMS
CDR-S36-01395,+91-9883953321,+91-9883948893,2026-08-23T19:07:00Z,506,TOWER-DL-VK-304,OUTGOING,VOICE
CDR-S36-01396,+91-9883948893,+91-9883950000,2026-08-24T20:16:00Z,579,TOWER-DL-CP-101,INCOMING,VOICE
CDR-S36-01397,+91-9883950000,+91-9883951107,2026-08-23T20:30:00Z,1,TOWER-HR-KD-201,OUTGOING,SMS
CDR-S36-01398,+91-9883951107,+91-9883952214,2026-08-22T23:27:00Z,28,TOWER-DL-VK-304,INCOMING,DATA
CDR-S36-01399,+91-9883952214,+91-9883953321,2026-08-25T00:06:00Z,516,TOWER-DL-CP-101,OUTGOING,VOICE
CDR-S36-01400,+91-9883953321,+91-9883948893,2026-08-25T05:39:00Z,16,TOWER-HR-KD-201,INCOMING,SMS
CDR-RECYCLE-26225-0001,+91-9810011223,+91-9169451448,2025-04-11T10:00:00Z,98,TOWER-HIST-02,OUTGOING,VOICE
CDR-RECYCLE-26225-0002,+91-9810011223,+91-9119078785,2025-05-14T10:00:00Z,79,TOWER-HIST-03,OUTGOING,VOICE
CDR-RECYCLE-26225-0003,+91-9810011223,+91-9150983360,2025-03-02T10:00:00Z,21,TOWER-HIST-05,OUTGOING,VOICE
CDR-RECYCLE-26225-0004,+91-9810011223,+91-9174513564,2025-01-06T10:00:00Z,98,TOWER-HIST-01,OUTGOING,VOICE
CDR-RECYCLE-26225-0005,+91-9810011223,+91-9176568619,2025-05-04T10:00:00Z,133,TOWER-HIST-08,OUTGOING,VOICE
CDR-RECYCLE-26225-0006,+91-9810011223,+91-9142093672,2025-02-11T10:00:00Z,103,TOWER-HIST-07,OUTGOING,VOICE
CDR-RECYCLE-26225-0007,+91-9810011223,+91-9161993182,2025-03-01T10:00:00Z,85,TOWER-HIST-10,OUTGOING,VOICE
CDR-RECYCLE-26225-0008,+91-9810011223,+91-9143012722,2025-06-25T10:00:00Z,18,TOWER-HIST-07,OUTGOING,VOICE
CDR-RECYCLE-26225-0009,+91-9810011223,+91-9153590581,2025-01-04T10:00:00Z,73,TOWER-HIST-09,OUTGOING,VOICE
CDR-RECYCLE-26225-0010,+91-9810011223,+91-9171638789,2025-05-28T10:00:00Z,161,TOWER-HIST-07,OUTGOING,VOICE
CDR-RECYCLE-26225-0011,+91-9810011223,+91-9150803599,2025-05-18T10:00:00Z,36,TOWER-HIST-09,OUTGOING,VOICE
CDR-RECYCLE-26225-0012,+91-9810011223,+91-9138806678,2025-01-19T10:00:00Z,97,TOWER-HIST-01,OUTGOING,VOICE
CDR-RECYCLE-26225-0013,+91-9810011223,+91-9176558662,2025-05-03T10:00:00Z,178,TOWER-HIST-04,OUTGOING,VOICE
CDR-RECYCLE-26225-0014,+91-9810011223,+91-9176742063,2025-04-28T10:00:00Z,153,TOWER-HIST-09,OUTGOING,VOICE
CDR-RECYCLE-26225-0015,+91-9810011223,+91-9121130855,2025-03-22T10:00:00Z,21,TOWER-HIST-03,OUTGOING,VOICE
CDR-RECYCLE-26225-0016,+91-9810011223,+91-9173770063,2025-02-07T10:00:00Z,83,TOWER-HIST-05,OUTGOING,VOICE
CDR-RECYCLE-26225-0017,+91-9810011223,+91-9148410187,2025-05-13T10:00:00Z,61,TOWER-HIST-10,OUTGOING,VOICE
CDR-RECYCLE-26225-0018,+91-9810011223,+91-9121594607,2025-01-04T10:00:00Z,83,TOWER-HIST-10,OUTGOING,VOICE
CDR-RECYCLE-26225-0019,+91-9810011223,+91-9185169140,2025-03-18T10:00:00Z,106,TOWER-HIST-05,OUTGOING,VOICE
CDR-RECYCLE-26225-0020,+91-9810011223,+91-9166819916,2025-04-10T10:00:00Z,155,TOWER-HIST-09,OUTGOING,VOICE
CDR-RECYCLE-26225-0021,+91-9810011223,+91-9137288933,2025-02-08T10:00:00Z,58,TOWER-HIST-09,OUTGOING,VOICE
CDR-RECYCLE-26225-0022,+91-9810011223,+91-9109913040,2025-02-10T10:00:00Z,179,TOWER-HIST-10,OUTGOING,VOICE
CDR-RECYCLE-26225-0023,+91-9810011223,+91-9186755071,2025-03-18T10:00:00Z,177,TOWER-HIST-01,OUTGOING,VOICE
CDR-RECYCLE-26225-0024,+91-9810011223,+91-9162679393,2025-03-15T10:00:00Z,56,TOWER-HIST-06,OUTGOING,VOICE
CDR-RECYCLE-26225-0025,+91-9810011223,+91-9197074784,2025-06-27T10:00:00Z,163,TOWER-HIST-03,OUTGOING,VOICE
CDR-RECYCLE-26225-0026,+91-9810011223,+91-9100077401,2025-02-07T10:00:00Z,39,TOWER-HIST-05,OUTGOING,VOICE
CDR-RECYCLE-26225-0027,+91-9810011223,+91-9133000411,2025-03-12T10:00:00Z,95,TOWER-HIST-07,OUTGOING,VOICE
CDR-RECYCLE-26225-0028,+91-9810011223,+91-9131085169,2025-05-23T10:00:00Z,68,TOWER-HIST-07,OUTGOING,VOICE
CDR-RECYCLE-26225-0029,+91-9810011223,+91-9193698364,2025-06-24T10:00:00Z,119,TOWER-HIST-10,OUTGOING,VOICE
CDR-RECYCLE-26225-0030,+91-9810011223,+91-9170689823,2025-02-12T10:00:00Z,131,TOWER-HIST-05,OUTGOING,VOICE
CDR-RECYCLE-26225-0031,+91-9810011223,+91-9175390076,2025-04-23T10:00:00Z,97,TOWER-HIST-02,OUTGOING,VOICE
CDR-RECYCLE-26225-0032,+91-9810011223,+91-9100682353,2025-06-09T10:00:00Z,156,TOWER-HIST-07,OUTGOING,VOICE
CDR-RECYCLE-26225-0033,+91-9810011223,+91-9163538025,2025-02-23T10:00:00Z,81,TOWER-HIST-07,OUTGOING,VOICE
CDR-RECYCLE-26225-0034,+91-9810011223,+91-9102820547,2025-04-23T10:00:00Z,78,TOWER-HIST-07,OUTGOING,VOICE
CDR-RECYCLE-26225-0035,+91-9810011223,+91-9179696817,2025-01-22T10:00:00Z,162,TOWER-HIST-10,OUTGOING,VOICE
CDR-RECYCLE-26225-0036,+91-9810011223,+91-9173838118,2025-01-14T10:00:00Z,175,TOWER-HIST-08,OUTGOING,VOICE
CDR-RECYCLE-26225-0037,+91-9810011223,+91-9132652203,2025-05-27T10:00:00Z,135,TOWER-HIST-05,OUTGOING,VOICE
CDR-RECYCLE-26225-0038,+91-9810011223,+91-9133943470,2025-06-07T10:00:00Z,171,TOWER-HIST-08,OUTGOING,VOICE
CDR-RECYCLE-26225-0039,+91-9810011223,+91-9120159309,2025-04-04T10:00:00Z,135,TOWER-HIST-02,OUTGOING,VOICE
CDR-RECYCLE-26225-0040,+91-9810011223,+91-9154150652,2025-02-06T10:00:00Z,77,TOWER-HIST-06,OUTGOING,VOICE
CDR-RECYCLE-26225-0041,+91-9810011223,+91-9105795728,2025-05-18T10:00:00Z,98,TOWER-HIST-10,OUTGOING,VOICE
CDR-RECYCLE-26225-0042,+91-9810011223,+91-9194095882,2025-04-23T10:00:00Z,103,TOWER-HIST-06,OUTGOING,VOICE
CDR-RECYCLE-26225-0043,+91-9810011223,+91-9161799771,2025-02-10T10:00:00Z,26,TOWER-HIST-05,OUTGOING,VOICE
CDR-RECYCLE-26225-0044,+91-9810011223,+91-9148263877,2025-06-15T10:00:00Z,152,TOWER-HIST-10,OUTGOING,VOICE
CDR-RECYCLE-26225-0045,+91-9810011223,+91-9157989683,2025-02-21T10:00:00Z,123,TOWER-HIST-06,OUTGOING,VOICE
CDR-RECYCLE-26225-0046,+91-9810011223,+91-9112787551,2025-02-20T10:00:00Z,66,TOWER-HIST-03,OUTGOING,VOICE
CDR-RECYCLE-26225-0047,+91-9810011223,+91-9121857545,2025-05-13T10:00:00Z,38,TOWER-HIST-10,OUTGOING,VOICE
CDR-RECYCLE-26225-0048,+91-9810011223,+91-9144959719,2025-05-09T10:00:00Z,151,TOWER-HIST-06,OUTGOING,VOICE
CDR-RECYCLE-26225-0049,+91-9810011223,+91-9190414313,2025-02-06T10:00:00Z,145,TOWER-HIST-08,OUTGOING,VOICE
CDR-RECYCLE-26225-0050,+91-9810011223,+91-9190911385,2025-05-10T10:00:00Z,135,TOWER-HIST-03,OUTGOING,VOICE
CDR-RECYCLE-26225-0051,+91-9810011223,+91-9112732255,2025-02-04T10:00:00Z,101,TOWER-HIST-05,OUTGOING,VOICE
CDR-RECYCLE-26225-0052,+91-9810011223,+91-9132001619,2025-05-20T10:00:00Z,31,TOWER-HIST-09,OUTGOING,VOICE
CDR-RECYCLE-26225-0053,+91-9810011223,+91-9126266524,2025-05-10T10:00:00Z,67,TOWER-HIST-04,OUTGOING,VOICE
CDR-RECYCLE-26225-0054,+91-9810011223,+91-9117300014,2025-01-28T10:00:00Z,70,TOWER-HIST-02,OUTGOING,VOICE
CDR-RECYCLE-26225-0055,+91-9810011223,+91-9105423711,2025-06-08T10:00:00Z,155,TOWER-HIST-02,OUTGOING,VOICE
CDR-RECYCLE-26225-0056,+91-9810011223,+91-9187447736,2025-05-22T10:00:00Z,161,TOWER-HIST-05,OUTGOING,VOICE
CDR-RECYCLE-26225-0057,+91-9810011223,+91-9124805225,2025-03-25T10:00:00Z,90,TOWER-HIST-02,OUTGOING,VOICE
CDR-RECYCLE-26225-0058,+91-9810011223,+91-9186895502,2025-03-27T10:00:00Z,42,TOWER-HIST-03,OUTGOING,VOICE
CDR-RECYCLE-26225-0059,+91-9810011223,+91-9126519475,2025-04-17T10:00:00Z,152,TOWER-HIST-03,OUTGOING,VOICE
CDR-RECYCLE-26225-0060,+91-9810011223,+91-9111201204,2025-04-18T10:00:00Z,87,TOWER-HIST-06,OUTGOING,VOICE
CDR-RECYCLE-26225-0061,+91-9810011223,+91-9124176525,2025-05-28T10:00:00Z,166,TOWER-HIST-01,OUTGOING,VOICE
CDR-RECYCLE-26225-0062,+91-9810011223,+91-9184806926,2025-05-23T10:00:00Z,22,TOWER-HIST-09,OUTGOING,VOICE
CDR-RECYCLE-26225-0063,+91-9810011223,+91-9164618184,2025-05-19T10:00:00Z,88,TOWER-HIST-08,OUTGOING,VOICE
CDR-RECYCLE-26225-0064,+91-9810011223,+91-9144792637,2025-06-03T10:00:00Z,170,TOWER-HIST-08,OUTGOING,VOICE
CDR-RECYCLE-26225-0065,+91-9810011223,+91-9147800045,2025-01-01T10:00:00Z,123,TOWER-HIST-09,OUTGOING,VOICE
CDR-RECYCLE-26225-0066,+91-9810011223,+91-9177345972,2025-04-15T10:00:00Z,104,TOWER-HIST-04,OUTGOING,VOICE
CDR-RECYCLE-26225-0067,+91-9810011223,+91-9163510676,2025-03-20T10:00:00Z,27,TOWER-HIST-06,OUTGOING,VOICE
CDR-RECYCLE-26225-0068,+91-9810011223,+91-9119963486,2025-06-20T10:00:00Z,100,TOWER-HIST-06,OUTGOING,VOICE
CDR-RECYCLE-26225-0069,+91-9810011223,+91-9145539388,2025-03-15T10:00:00Z,21,TOWER-HIST-10,OUTGOING,VOICE
CDR-RECYCLE-26225-0070,+91-9810011223,+91-9172496268,2025-03-09T10:00:00Z,158,TOWER-HIST-06,OUTGOING,VOICE
CDR-RECYCLE-26225-0071,+91-9810011223,+91-9154770070,2025-03-01T10:00:00Z,143,TOWER-HIST-01,OUTGOING,VOICE
CDR-RECYCLE-26225-0072,+91-9810011223,+91-9198107357,2025-02-25T10:00:00Z,16,TOWER-HIST-10,OUTGOING,VOICE
CDR-RECYCLE-26225-0073,+91-9810011223,+91-9187347769,2025-05-10T10:00:00Z,69,TOWER-HIST-04,OUTGOING,VOICE
CDR-RECYCLE-26225-0074,+91-9810011223,+91-9113122178,2025-05-02T10:00:00Z,118,TOWER-HIST-07,OUTGOING,VOICE
CDR-RECYCLE-26225-0075,+91-9810011223,+91-9140702294,2025-06-08T10:00:00Z,136,TOWER-HIST-09,OUTGOING,VOICE
CDR-RECYCLE-26225-0076,+91-9810011223,+91-9121083834,2025-04-18T10:00:00Z,62,TOWER-HIST-10,OUTGOING,VOICE
CDR-RECYCLE-26225-0077,+91-9810011223,+91-9137937418,2025-03-15T10:00:00Z,176,TOWER-HIST-04,OUTGOING,VOICE
CDR-RECYCLE-26225-0078,+91-9810011223,+91-9103030209,2025-02-10T10:00:00Z,77,TOWER-HIST-10,OUTGOING,VOICE
CDR-RECYCLE-26225-0079,+91-9810011223,+91-9134897066,2025-03-24T10:00:00Z,72,TOWER-HIST-05,OUTGOING,VOICE
CDR-RECYCLE-26225-0080,+91-9810011223,+91-9181573385,2025-05-28T10:00:00Z,76,TOWER-HIST-03,OUTGOING,VOICE
CDR-RECYCLE-26225-0081,+91-9810011223,+91-9126611623,2025-05-05T10:00:00Z,30,TOWER-HIST-01,OUTGOING,VOICE
CDR-RECYCLE-26225-0082,+91-9810011223,+91-9105536633,2025-04-25T10:00:00Z,138,TOWER-HIST-08,OUTGOING,VOICE
CDR-RECYCLE-26225-0083,+91-9810011223,+91-9158603758,2025-02-22T10:00:00Z,70,TOWER-HIST-02,OUTGOING,VOICE
CDR-RECYCLE-26225-0084,+91-9810011223,+91-9113246770,2025-01-09T10:00:00Z,88,TOWER-HIST-09,OUTGOING,VOICE
CDR-RECYCLE-26225-0085,+91-9810011223,+91-9145651620,2025-04-17T10:00:00Z,176,TOWER-HIST-08,OUTGOING,VOICE
CDR-RECYCLE-26225-0086,+91-9810011223,+91-9128966726,2025-02-26T10:00:00Z,68,TOWER-HIST-04,OUTGOING,VOICE
CDR-RECYCLE-26225-0087,+91-9810011223,+91-9198626016,2025-06-16T10:00:00Z,53,TOWER-HIST-07,OUTGOING,VOICE
CDR-RECYCLE-26225-0088,+91-9810011223,+91-9126409253,2025-01-09T10:00:00Z,106,TOWER-HIST-02,OUTGOING,VOICE
CDR-RECYCLE-26225-0089,+91-9810011223,+91-9164679801,2025-03-11T10:00:00Z,55,TOWER-HIST-05,OUTGOING,VOICE
CDR-RECYCLE-26225-0090,+91-9810011223,+91-9128368917,2025-06-28T10:00:00Z,132,TOWER-HIST-02,OUTGOING,VOICE
CDR-RECYCLE-26225-0091,+91-9810011223,+91-9184872759,2025-03-23T10:00:00Z,42,TOWER-HIST-09,OUTGOING,VOICE
CDR-RECYCLE-26225-0092,+91-9810011223,+91-9199135867,2025-06-04T10:00:00Z,45,TOWER-HIST-02,OUTGOING,VOICE
CDR-RECYCLE-26225-0093,+91-9810011223,+91-9123297900,2025-01-28T10:00:00Z,25,TOWER-HIST-08,OUTGOING,VOICE
CDR-RECYCLE-26225-0094,+91-9810011223,+91-9184853750,2025-03-06T10:00:00Z,135,TOWER-HIST-07,OUTGOING,VOICE
CDR-RECYCLE-26225-0095,+91-9810011223,+91-9125322909,2025-03-26T10:00:00Z,70,TOWER-HIST-10,OUTGOING,VOICE
CDR-RECYCLE-26225-0096,+91-9810011223,+91-9113951998,2025-04-28T10:00:00Z,25,TOWER-HIST-08,OUTGOING,VOICE
CDR-RECYCLE-26225-0097,+91-9810011223,+91-9129301259,2025-03-06T10:00:00Z,129,TOWER-HIST-03,OUTGOING,VOICE
CDR-RECYCLE-26225-0098,+91-9810011223,+91-9174559240,2025-04-03T10:00:00Z,126,TOWER-HIST-04,OUTGOING,VOICE
CDR-RECYCLE-26225-0099,+91-9810011223,+91-9153181075,2025-03-17T10:00:00Z,20,TOWER-HIST-04,OUTGOING,VOICE
CDR-RECYCLE-26225-0100,+91-9810011223,+91-9160966425,2025-03-26T10:00:00Z,85,TOWER-HIST-07,OUTGOING,VOICE
CDR-RECYCLE-26225-0101,+91-9810011223,+91-9139145518,2025-06-07T10:00:00Z,23,TOWER-HIST-09,OUTGOING,VOICE
CDR-RECYCLE-26225-0102,+91-9810011223,+91-9130448228,2025-01-27T10:00:00Z,97,TOWER-HIST-09,OUTGOING,VOICE
CDR-RECYCLE-26225-0103,+91-9810011223,+91-9114600464,2025-02-23T10:00:00Z,175,TOWER-HIST-03,OUTGOING,VOICE
CDR-RECYCLE-26225-0104,+91-9810011223,+91-9182505564,2025-04-28T10:00:00Z,179,TOWER-HIST-02,OUTGOING,VOICE
CDR-RECYCLE-26225-0105,+91-9810011223,+91-9178159697,2025-01-13T10:00:00Z,165,TOWER-HIST-01,OUTGOING,VOICE
CDR-RECYCLE-26225-0106,+91-9810011223,+91-9163641039,2025-06-19T10:00:00Z,61,TOWER-HIST-09,OUTGOING,VOICE
CDR-RECYCLE-26225-0107,+91-9810011223,+91-9155804873,2025-01-27T10:00:00Z,89,TOWER-HIST-05,OUTGOING,VOICE
CDR-RECYCLE-26225-0108,+91-9810011223,+91-9177525578,2025-02-18T10:00:00Z,89,TOWER-HIST-07,OUTGOING,VOICE
CDR-RECYCLE-26225-0109,+91-9810011223,+91-9112444340,2025-02-02T10:00:00Z,22,TOWER-HIST-01,OUTGOING,VOICE
CDR-RECYCLE-26225-0110,+91-9810011223,+91-9144848303,2025-03-14T10:00:00Z,76,TOWER-HIST-03,OUTGOING,VOICE
CDR-RECYCLE-26225-0111,+91-9810011223,+91-9123642964,2025-03-05T10:00:00Z,16,TOWER-HIST-08,OUTGOING,VOICE
CDR-RECYCLE-26225-0112,+91-9810011223,+91-9169765250,2025-06-18T10:00:00Z,54,TOWER-HIST-07,OUTGOING,VOICE
CDR-RECYCLE-26225-0113,+91-9810011223,+91-9177219345,2025-02-24T10:00:00Z,151,TOWER-HIST-01,OUTGOING,VOICE
CDR-RECYCLE-26225-0114,+91-9810011223,+91-9176806872,2025-01-06T10:00:00Z,51,TOWER-HIST-09,OUTGOING,VOICE
CDR-RECYCLE-26225-0115,+91-9810011223,+91-9114956792,2025-06-17T10:00:00Z,50,TOWER-HIST-03,OUTGOING,VOICE
CDR-RECYCLE-26225-0116,+91-9810011223,+91-9118619029,2025-05-11T10:00:00Z,163,TOWER-HIST-05,OUTGOING,VOICE
CDR-RECYCLE-26225-0117,+91-9810011223,+91-9132699702,2025-05-06T10:00:00Z,147,TOWER-HIST-08,OUTGOING,VOICE
CDR-RECYCLE-26225-0118,+91-9810011223,+91-9178510641,2025-01-22T10:00:00Z,156,TOWER-HIST-03,OUTGOING,VOICE
CDR-RECYCLE-26225-0119,+91-9810011223,+91-9180026826,2025-01-21T10:00:00Z,152,TOWER-HIST-09,OUTGOING,VOICE
CDR-RECYCLE-26225-0120,+91-9810011223,+91-9195312657,2025-04-18T10:00:00Z,144,TOWER-HIST-05,OUTGOING,VOICE
CDR-RECYCLE-26225-0121,+91-9810011223,+91-9116569779,2025-06-05T10:00:00Z,165,TOWER-HIST-07,OUTGOING,VOICE
CDR-RECYCLE-26225-0122,+91-9810011223,+91-9197660550,2025-05-02T10:00:00Z,110,TOWER-HIST-01,OUTGOING,VOICE
CDR-RECYCLE-26225-0123,+91-9810011223,+91-9139405354,2025-03-15T10:00:00Z,151,TOWER-HIST-01,OUTGOING,VOICE
CDR-RECYCLE-26225-0124,+91-9810011223,+91-9158495903,2025-05-14T10:00:00Z,174,TOWER-HIST-04,OUTGOING,VOICE
CDR-RECYCLE-26225-0125,+91-9810011223,+91-9146085910,2025-05-22T10:00:00Z,94,TOWER-HIST-09,OUTGOING,VOICE
CDR-RECYCLE-26225-0126,+91-9810011223,+91-9180879048,2025-04-12T10:00:00Z,125,TOWER-HIST-10,OUTGOING,VOICE
CDR-RECYCLE-26225-0127,+91-9810011223,+91-9126290941,2025-06-20T10:00:00Z,97,TOWER-HIST-03,OUTGOING,VOICE
CDR-RECYCLE-26225-0128,+91-9810011223,+91-9141783435,2025-04-08T10:00:00Z,154,TOWER-HIST-02,OUTGOING,VOICE
CDR-RECYCLE-26225-0129,+91-9810011223,+91-9151733238,2025-02-18T10:00:00Z,31,TOWER-HIST-07,OUTGOING,VOICE
CDR-RECYCLE-26225-0130,+91-9810011223,+91-9148543437,2025-05-25T10:00:00Z,62,TOWER-HIST-04,OUTGOING,VOICE
CDR-RECYCLE-26225-0131,+91-9810011223,+91-9191755527,2025-01-05T10:00:00Z,140,TOWER-HIST-10,OUTGOING,VOICE
CDR-RECYCLE-26225-0132,+91-9810011223,+91-9166889110,2025-01-27T10:00:00Z,156,TOWER-HIST-09,OUTGOING,VOICE
CDR-RECYCLE-26225-0133,+91-9810011223,+91-9126333119,2025-01-28T10:00:00Z,180,TOWER-HIST-07,OUTGOING,VOICE
CDR-RECYCLE-26225-0134,+91-9810011223,+91-9189129473,2025-05-09T10:00:00Z,145,TOWER-HIST-03,OUTGOING,VOICE
CDR-RECYCLE-26225-0135,+91-9810011223,+91-9195123882,2025-01-28T10:00:00Z,140,TOWER-HIST-02,OUTGOING,VOICE
CDR-RECYCLE-26225-0136,+91-9810011223,+91-9141799812,2025-05-12T10:00:00Z,116,TOWER-HIST-06,OUTGOING,VOICE
CDR-RECYCLE-26225-0137,+91-9810011223,+91-9111833717,2025-01-21T10:00:00Z,36,TOWER-HIST-10,OUTGOING,VOICE
CDR-RECYCLE-26225-0138,+91-9810011223,+91-9119415302,2025-01-09T10:00:00Z,62,TOWER-HIST-01,OUTGOING,VOICE
CDR-RECYCLE-26225-0139,+91-9810011223,+91-9158189758,2025-02-11T10:00:00Z,169,TOWER-HIST-06,OUTGOING,VOICE
CDR-RECYCLE-26225-0140,+91-9810011223,+91-9122848396,2025-06-20T10:00:00Z,16,TOWER-HIST-07,OUTGOING,VOICE
CDR-RECYCLE-26225-0141,+91-9810011223,+91-9178903674,2025-02-04T10:00:00Z,123,TOWER-HIST-03,OUTGOING,VOICE
CDR-RECYCLE-26225-0142,+91-9810011223,+91-9154836241,2025-01-06T10:00:00Z,118,TOWER-HIST-10,OUTGOING,VOICE
CDR-RECYCLE-26225-0143,+91-9810011223,+91-9193245329,2025-01-18T10:00:00Z,148,TOWER-HIST-10,OUTGOING,VOICE
CDR-RECYCLE-26225-0144,+91-9810011223,+91-9128293723,2025-01-04T10:00:00Z,144,TOWER-HIST-02,OUTGOING,VOICE
CDR-RECYCLE-26225-0145,+91-9810011223,+91-9145582152,2025-05-14T10:00:00Z,169,TOWER-HIST-07,OUTGOING,VOICE
CDR-RECYCLE-26225-0146,+91-9810011223,+91-9193291016,2025-01-15T10:00:00Z,111,TOWER-HIST-07,OUTGOING,VOICE
CDR-RECYCLE-26225-0147,+91-9810011223,+91-9134892076,2025-03-15T10:00:00Z,73,TOWER-HIST-08,OUTGOING,VOICE
CDR-RECYCLE-26225-0148,+91-9810011223,+91-9158685656,2025-06-02T10:00:00Z,21,TOWER-HIST-09,OUTGOING,VOICE
CDR-RECYCLE-26225-0149,+91-9810011223,+91-9149573422,2025-05-11T10:00:00Z,177,TOWER-HIST-10,OUTGOING,VOICE
CDR-RECYCLE-26225-0150,+91-9810011223,+91-9139837638,2025-03-02T10:00:00Z,54,TOWER-HIST-05,OUTGOING,VOICE
CDR-RECYCLE-26225-0151,+91-9810011223,+91-9146937589,2025-04-12T10:00:00Z,140,TOWER-HIST-05,OUTGOING,VOICE
CDR-RECYCLE-26225-0152,+91-9810011223,+91-9157861749,2025-03-21T10:00:00Z,62,TOWER-HIST-08,OUTGOING,VOICE
CDR-RECYCLE-26225-0153,+91-9810011223,+91-9143485517,2025-02-10T10:00:00Z,68,TOWER-HIST-04,OUTGOING,VOICE
CDR-RECYCLE-26225-0154,+91-9810011223,+91-9192693550,2025-03-08T10:00:00Z,110,TOWER-HIST-01,OUTGOING,VOICE
CDR-RECYCLE-26225-0155,+91-9810011223,+91-9197478824,2025-01-26T10:00:00Z,63,TOWER-HIST-10,OUTGOING,VOICE
CDR-RECYCLE-26225-0156,+91-9810011223,+91-9157398206,2025-05-14T10:00:00Z,37,TOWER-HIST-02,OUTGOING,VOICE
CDR-RECYCLE-26225-0157,+91-9810011223,+91-9152648965,2025-02-28T10:00:00Z,138,TOWER-HIST-01,OUTGOING,VOICE
CDR-RECYCLE-26225-0158,+91-9810011223,+91-9129363392,2025-01-23T10:00:00Z,66,TOWER-HIST-03,OUTGOING,VOICE
CDR-RECYCLE-26225-0159,+91-9810011223,+91-9136829986,2025-03-19T10:00:00Z,95,TOWER-HIST-02,OUTGOING,VOICE
CDR-RECYCLE-26225-0160,+91-9810011223,+91-9192181930,2025-02-19T10:00:00Z,94,TOWER-HIST-05,OUTGOING,VOICE
CDR-RECYCLE-26225-0161,+91-9810011223,+91-9133799889,2025-03-03T10:00:00Z,51,TOWER-HIST-10,OUTGOING,VOICE
CDR-RECYCLE-26225-0162,+91-9810011223,+91-9191443157,2025-01-05T10:00:00Z,97,TOWER-HIST-08,OUTGOING,VOICE
CDR-RECYCLE-26225-0163,+91-9810011223,+91-9131254486,2025-06-02T10:00:00Z,122,TOWER-HIST-02,OUTGOING,VOICE
CDR-RECYCLE-26225-0164,+91-9810011223,+91-9123174230,2025-05-26T10:00:00Z,136,TOWER-HIST-09,OUTGOING,VOICE
CDR-RECYCLE-26225-0165,+91-9810011223,+91-9169339266,2025-01-19T10:00:00Z,36,TOWER-HIST-03,OUTGOING,VOICE
CDR-RECYCLE-26225-0166,+91-9810011223,+91-9184492344,2025-02-10T10:00:00Z,156,TOWER-HIST-06,OUTGOING,VOICE
CDR-RECYCLE-26225-0167,+91-9810011223,+91-9153203696,2025-06-05T10:00:00Z,169,TOWER-HIST-10,OUTGOING,VOICE
CDR-RECYCLE-26225-0168,+91-9810011223,+91-9150819713,2025-04-06T10:00:00Z,176,TOWER-HIST-10,OUTGOING,VOICE
CDR-RECYCLE-26225-0169,+91-9810011223,+91-9163988326,2025-06-10T10:00:00Z,167,TOWER-HIST-03,OUTGOING,VOICE
CDR-RECYCLE-26225-0170,+91-9810011223,+91-9149903053,2025-01-10T10:00:00Z,25,TOWER-HIST-08,OUTGOING,VOICE
CDR-RECYCLE-26225-0171,+91-9810011223,+91-9196576099,2025-05-07T10:00:00Z,77,TOWER-HIST-08,OUTGOING,VOICE
CDR-RECYCLE-26225-0172,+91-9810011223,+91-9153051147,2025-02-05T10:00:00Z,77,TOWER-HIST-05,OUTGOING,VOICE
CDR-RECYCLE-26225-0173,+91-9810011223,+91-9106263682,2025-02-03T10:00:00Z,135,TOWER-HIST-05,OUTGOING,VOICE
CDR-RECYCLE-26225-0174,+91-9810011223,+91-9102290952,2025-05-01T10:00:00Z,111,TOWER-HIST-08,OUTGOING,VOICE
CDR-RECYCLE-26225-0175,+91-9810011223,+91-9166360468,2025-03-01T10:00:00Z,75,TOWER-HIST-03,OUTGOING,VOICE
CDR-RECYCLE-26225-0176,+91-9810011223,+91-9196712872,2025-05-25T10:00:00Z,94,TOWER-HIST-09,OUTGOING,VOICE
CDR-RECYCLE-26225-0177,+91-9810011223,+91-9145765766,2025-04-25T10:00:00Z,61,TOWER-HIST-01,OUTGOING,VOICE
CDR-RECYCLE-26225-0178,+91-9810011223,+91-9190414089,2025-05-09T10:00:00Z,153,TOWER-HIST-09,OUTGOING,VOICE
CDR-RECYCLE-26225-0179,+91-9810011223,+91-9138115497,2025-03-02T10:00:00Z,149,TOWER-HIST-02,OUTGOING,VOICE
CDR-RECYCLE-26225-0180,+91-9810011223,+91-9124907892,2025-01-17T10:00:00Z,101,TOWER-HIST-05,OUTGOING,VOICE
CDR-RECYCLE-26225-0181,+91-9810011223,+91-9130625242,2025-02-12T10:00:00Z,157,TOWER-HIST-01,OUTGOING,VOICE
CDR-RECYCLE-26225-0182,+91-9810011223,+91-9148048003,2025-03-17T10:00:00Z,140,TOWER-HIST-02,OUTGOING,VOICE
CDR-RECYCLE-26225-0183,+91-9810011223,+91-9139483333,2025-02-14T10:00:00Z,151,TOWER-HIST-06,OUTGOING,VOICE
CDR-RECYCLE-26225-0184,+91-9810011223,+91-9147404065,2025-06-02T10:00:00Z,49,TOWER-HIST-04,OUTGOING,VOICE
CDR-RECYCLE-26225-0185,+91-9810011223,+91-9170665181,2025-04-27T10:00:00Z,145,TOWER-HIST-07,OUTGOING,VOICE
CDR-RECYCLE-26225-0186,+91-9810011223,+91-9123619485,2025-04-02T10:00:00Z,18,TOWER-HIST-09,OUTGOING,VOICE
CDR-RECYCLE-26225-0187,+91-9810011223,+91-9190867423,2025-03-15T10:00:00Z,113,TOWER-HIST-07,OUTGOING,VOICE
CDR-RECYCLE-26225-0188,+91-9810011223,+91-9199142618,2025-04-05T10:00:00Z,125,TOWER-HIST-04,OUTGOING,VOICE
CDR-RECYCLE-26225-0189,+91-9810011223,+91-9150132735,2025-04-19T10:00:00Z,77,TOWER-HIST-06,OUTGOING,VOICE
CDR-RECYCLE-26225-0190,+91-9810011223,+91-9142217951,2025-02-14T10:00:00Z,42,TOWER-HIST-05,OUTGOING,VOICE
CDR-RECYCLE-26225-0191,+91-9810011223,+91-9149182459,2025-06-09T10:00:00Z,180,TOWER-HIST-08,OUTGOING,VOICE
CDR-RECYCLE-26225-0192,+91-9810011223,+91-9190577815,2025-03-07T10:00:00Z,21,TOWER-HIST-06,OUTGOING,VOICE
CDR-RECYCLE-26225-0193,+91-9810011223,+91-9131670415,2025-06-09T10:00:00Z,90,TOWER-HIST-08,OUTGOING,VOICE
CDR-RECYCLE-26225-0194,+91-9810011223,+91-9109281955,2025-02-27T10:00:00Z,168,TOWER-HIST-10,OUTGOING,VOICE
CDR-RECYCLE-26225-0195,+91-9810011223,+91-9185357347,2025-02-13T10:00:00Z,113,TOWER-HIST-08,OUTGOING,VOICE
CDR-RECYCLE-26225-0196,+91-9810011223,+91-9163344431,2025-03-02T10:00:00Z,104,TOWER-HIST-04,OUTGOING,VOICE
CDR-RECYCLE-26225-0197,+91-9810011223,+91-9111371038,2025-01-28T10:00:00Z,66,TOWER-HIST-05,OUTGOING,VOICE
CDR-RECYCLE-26225-0198,+91-9810011223,+91-9107966394,2025-02-11T10:00:00Z,135,TOWER-HIST-05,OUTGOING,VOICE
CDR-RECYCLE-26225-0199,+91-9810011223,+91-9180949649,2025-05-03T10:00:00Z,17,TOWER-HIST-03,OUTGOING,VOICE
CDR-RECYCLE-26225-0200,+91-9810011223,+91-9199434898,2025-06-12T10:00:00Z,165,TOWER-HIST-07,OUTGOING,VOICE
CDR-RECYCLE-26225-0201,+91-9810011223,+91-9191313299,2025-01-11T10:00:00Z,133,TOWER-HIST-05,OUTGOING,VOICE
CDR-RECYCLE-26225-0202,+91-9810011223,+91-9163324661,2025-04-11T10:00:00Z,77,TOWER-HIST-09,OUTGOING,VOICE
CDR-RECYCLE-26225-0203,+91-9810011223,+91-9110922734,2025-03-21T10:00:00Z,48,TOWER-HIST-02,OUTGOING,VOICE
CDR-RECYCLE-26225-0204,+91-9810011223,+91-9186551421,2025-05-11T10:00:00Z,67,TOWER-HIST-10,OUTGOING,VOICE
CDR-RECYCLE-26225-0205,+91-9810011223,+91-9150680445,2025-06-02T10:00:00Z,51,TOWER-HIST-06,OUTGOING,VOICE
CDR-RECYCLE-26225-0206,+91-9810011223,+91-9171606083,2025-03-26T10:00:00Z,175,TOWER-HIST-08,OUTGOING,VOICE
CDR-RECYCLE-26225-0207,+91-9810011223,+91-9166642576,2025-05-27T10:00:00Z,155,TOWER-HIST-07,OUTGOING,VOICE
CDR-RECYCLE-26225-0208,+91-9810011223,+91-9191314600,2025-05-12T10:00:00Z,50,TOWER-HIST-03,OUTGOING,VOICE
CDR-RECYCLE-26225-0209,+91-9810011223,+91-9192713473,2025-06-22T10:00:00Z,24,TOWER-HIST-03,OUTGOING,VOICE
CDR-RECYCLE-26225-0210,+91-9810011223,+91-9148640594,2025-05-20T10:00:00Z,83,TOWER-HIST-10,OUTGOING,VOICE
CDR-RECYCLE-26225-0211,+91-9810011223,+91-9143011719,2025-05-01T10:00:00Z,31,TOWER-HIST-07,OUTGOING,VOICE
CDR-RECYCLE-26225-0212,+91-9810011223,+91-9172743997,2025-01-03T10:00:00Z,107,TOWER-HIST-04,OUTGOING,VOICE
CDR-RECYCLE-26225-0213,+91-9810011223,+91-9113612165,2025-03-05T10:00:00Z,61,TOWER-HIST-03,OUTGOING,VOICE
CDR-RECYCLE-26225-0214,+91-9810011223,+91-9121639442,2025-06-05T10:00:00Z,22,TOWER-HIST-01,OUTGOING,VOICE
CDR-RECYCLE-26225-0215,+91-9810011223,+91-9124324492,2025-04-05T10:00:00Z,124,TOWER-HIST-07,OUTGOING,VOICE
CDR-RECYCLE-26225-0216,+91-9810011223,+91-9105855131,2025-06-23T10:00:00Z,176,TOWER-HIST-08,OUTGOING,VOICE
CDR-RECYCLE-26225-0217,+91-9810011223,+91-9142208584,2025-01-15T10:00:00Z,147,TOWER-HIST-01,OUTGOING,VOICE
CDR-RECYCLE-26225-0218,+91-9810011223,+91-9110767249,2025-06-02T10:00:00Z,46,TOWER-HIST-04,OUTGOING,VOICE
CDR-RECYCLE-26225-0219,+91-9810011223,+91-9176682125,2025-01-03T10:00:00Z,93,TOWER-HIST-02,OUTGOING,VOICE
CDR-RECYCLE-26225-0220,+91-9810011223,+91-9164910626,2025-05-07T10:00:00Z,73,TOWER-HIST-08,OUTGOING,VOICE
CDR-RECYCLE-26225-0221,+91-9810011223,+91-9160182403,2025-05-04T10:00:00Z,24,TOWER-HIST-04,OUTGOING,VOICE
CDR-RECYCLE-26225-0222,+91-9810011223,+91-9151174261,2025-05-24T10:00:00Z,142,TOWER-HIST-01,OUTGOING,VOICE
CDR-RECYCLE-26225-0223,+91-9810011223,+91-9178310119,2025-01-20T10:00:00Z,23,TOWER-HIST-10,OUTGOING,VOICE
CDR-RECYCLE-26225-0224,+91-9810011223,+91-9142322955,2025-03-15T10:00:00Z,25,TOWER-HIST-09,OUTGOING,VOICE
CDR-RECYCLE-26225-0225,+91-9810011223,+91-9132748392,2025-06-12T10:00:00Z,179,TOWER-HIST-01,OUTGOING,VOICE
CDR-RECYCLE-26225-0226,+91-9810011223,+91-9157281723,2025-02-27T10:00:00Z,76,TOWER-HIST-02,OUTGOING,VOICE
CDR-RECYCLE-26225-0227,+91-9810011223,+91-9182669873,2025-03-08T10:00:00Z,131,TOWER-HIST-10,OUTGOING,VOICE
CDR-RECYCLE-26225-0228,+91-9810011223,+91-9199085718,2025-06-01T10:00:00Z,45,TOWER-HIST-10,OUTGOING,VOICE
CDR-RECYCLE-26225-0229,+91-9810011223,+91-9170188141,2025-03-01T10:00:00Z,170,TOWER-HIST-01,OUTGOING,VOICE
CDR-RECYCLE-26225-0230,+91-9810011223,+91-9100937791,2025-01-14T10:00:00Z,90,TOWER-HIST-09,OUTGOING,VOICE
CDR-RECYCLE-26225-0231,+91-9810011223,+91-9117755253,2025-03-03T10:00:00Z,42,TOWER-HIST-09,OUTGOING,VOICE
CDR-RECYCLE-26225-0232,+91-9810011223,+91-9146210360,2025-01-08T10:00:00Z,48,TOWER-HIST-04,OUTGOING,VOICE
CDR-RECYCLE-26225-0233,+91-9810011223,+91-9144736865,2025-03-27T10:00:00Z,54,TOWER-HIST-05,OUTGOING,VOICE
CDR-RECYCLE-26225-0234,+91-9810011223,+91-9144060795,2025-01-19T10:00:00Z,90,TOWER-HIST-10,OUTGOING,VOICE
CDR-RECYCLE-26225-0235,+91-9810011223,+91-9163369123,2025-06-01T10:00:00Z,91,TOWER-HIST-03,OUTGOING,VOICE
CDR-RECYCLE-26225-0236,+91-9810011223,+91-9191474395,2025-04-11T10:00:00Z,161,TOWER-HIST-09,OUTGOING,VOICE
CDR-RECYCLE-26225-0237,+91-9810011223,+91-9165816816,2025-02-25T10:00:00Z,94,TOWER-HIST-02,OUTGOING,VOICE
CDR-RECYCLE-26225-0238,+91-9810011223,+91-9111666849,2025-06-25T10:00:00Z,106,TOWER-HIST-04,OUTGOING,VOICE
CDR-RECYCLE-26225-0239,+91-9810011223,+91-9127576119,2025-01-19T10:00:00Z,168,TOWER-HIST-08,OUTGOING,VOICE
CDR-RECYCLE-26225-0240,+91-9810011223,+91-9133459226,2025-05-04T10:00:00Z,138,TOWER-HIST-04,OUTGOING,VOICE
CDR-RECYCLE-26225-0241,+91-9810011223,+91-9178163466,2025-03-09T10:00:00Z,149,TOWER-HIST-01,OUTGOING,VOICE
CDR-RECYCLE-26225-0242,+91-9810011223,+91-9118966052,2025-01-18T10:00:00Z,162,TOWER-HIST-04,OUTGOING,VOICE
CDR-RECYCLE-26225-0243,+91-9810011223,+91-9171809787,2025-01-21T10:00:00Z,125,TOWER-HIST-06,OUTGOING,VOICE
CDR-RECYCLE-26225-0244,+91-9810011223,+91-9118954932,2025-01-15T10:00:00Z,19,TOWER-HIST-02,OUTGOING,VOICE
CDR-RECYCLE-26225-0245,+91-9810011223,+91-9107406359,2025-04-26T10:00:00Z,96,TOWER-HIST-03,OUTGOING,VOICE
CDR-RECYCLE-26225-0246,+91-9810011223,+91-9165373228,2025-01-18T10:00:00Z,54,TOWER-HIST-06,OUTGOING,VOICE
CDR-RECYCLE-26225-0247,+91-9810011223,+91-9141288815,2025-04-01T10:00:00Z,29,TOWER-HIST-08,OUTGOING,VOICE
CDR-RECYCLE-26225-0248,+91-9810011223,+91-9197059891,2025-04-03T10:00:00Z,85,TOWER-HIST-02,OUTGOING,VOICE
CDR-RECYCLE-26225-0249,+91-9810011223,+91-9116514050,2025-05-16T10:00:00Z,42,TOWER-HIST-09,OUTGOING,VOICE
CDR-RECYCLE-26225-0250,+91-9810011223,+91-9143315235,2025-01-08T10:00:00Z,15,TOWER-HIST-06,OUTGOING,VOICE
CDR-RECYCLE-26225-0251,+91-9810011223,+91-9109560102,2025-06-23T10:00:00Z,29,TOWER-HIST-10,OUTGOING,VOICE
CDR-RECYCLE-26225-0252,+91-9810011223,+91-9182959066,2025-02-21T10:00:00Z,42,TOWER-HIST-03,OUTGOING,VOICE
CDR-RECYCLE-26225-0253,+91-9810011223,+91-9186666872,2025-02-04T10:00:00Z,134,TOWER-HIST-10,OUTGOING,VOICE
CDR-RECYCLE-26225-0254,+91-9810011223,+91-9152376154,2025-06-12T10:00:00Z,69,TOWER-HIST-08,OUTGOING,VOICE
CDR-RECYCLE-26225-0255,+91-9810011223,+91-9107872576,2025-03-27T10:00:00Z,88,TOWER-HIST-06,OUTGOING,VOICE
CDR-RECYCLE-26225-0256,+91-9810011223,+91-9114984366,2025-05-04T10:00:00Z,68,TOWER-HIST-01,OUTGOING,VOICE
CDR-RECYCLE-26225-0257,+91-9810011223,+91-9102127878,2025-03-06T10:00:00Z,40,TOWER-HIST-07,OUTGOING,VOICE
CDR-RECYCLE-26225-0258,+91-9810011223,+91-9160539102,2025-01-11T10:00:00Z,30,TOWER-HIST-05,OUTGOING,VOICE
CDR-RECYCLE-26225-0259,+91-9810011223,+91-9158086944,2025-05-05T10:00:00Z,55,TOWER-HIST-05,OUTGOING,VOICE
CDR-RECYCLE-26225-0260,+91-9810011223,+91-9181484974,2025-04-04T10:00:00Z,35,TOWER-HIST-05,OUTGOING,VOICE
CDR-RECYCLE-26225-0261,+91-9810011223,+91-9120429551,2025-04-06T10:00:00Z,139,TOWER-HIST-09,OUTGOING,VOICE
CDR-RECYCLE-26225-0262,+91-9810011223,+91-9168071668,2025-01-09T10:00:00Z,150,TOWER-HIST-05,OUTGOING,VOICE
CDR-RECYCLE-26225-0263,+91-9810011223,+91-9151287311,2025-05-02T10:00:00Z,149,TOWER-HIST-02,OUTGOING,VOICE
CDR-RECYCLE-26225-0264,+91-9810011223,+91-9125935065,2025-05-03T10:00:00Z,143,TOWER-HIST-06,OUTGOING,VOICE
CDR-RECYCLE-26225-0265,+91-9810011223,+91-9174067910,2025-05-26T10:00:00Z,88,TOWER-HIST-04,OUTGOING,VOICE
CDR-RECYCLE-26225-0266,+91-9810011223,+91-9113168498,2025-06-10T10:00:00Z,94,TOWER-HIST-05,OUTGOING,VOICE
CDR-RECYCLE-26225-0267,+91-9810011223,+91-9117402378,2025-01-10T10:00:00Z,45,TOWER-HIST-04,OUTGOING,VOICE
CDR-RECYCLE-26225-0268,+91-9810011223,+91-9153754038,2025-05-06T10:00:00Z,67,TOWER-HIST-02,OUTGOING,VOICE
CDR-RECYCLE-26225-0269,+91-9810011223,+91-9110264301,2025-02-18T10:00:00Z,138,TOWER-HIST-01,OUTGOING,VOICE
CDR-RECYCLE-26225-0270,+91-9810011223,+91-9117718336,2025-04-12T10:00:00Z,61,TOWER-HIST-02,OUTGOING,VOICE
CDR-RECYCLE-26225-0271,+91-9810011223,+91-9139264663,2025-06-15T10:00:00Z,143,TOWER-HIST-09,OUTGOING,VOICE
CDR-RECYCLE-26225-0272,+91-9810011223,+91-9191989544,2025-05-16T10:00:00Z,75,TOWER-HIST-08,OUTGOING,VOICE
CDR-RECYCLE-26225-0273,+91-9810011223,+91-9169238030,2025-05-12T10:00:00Z,25,TOWER-HIST-07,OUTGOING,VOICE
CDR-RECYCLE-26225-0274,+91-9810011223,+91-9118541341,2025-02-25T10:00:00Z,105,TOWER-HIST-07,OUTGOING,VOICE
CDR-RECYCLE-26225-0275,+91-9810011223,+91-9109633795,2025-03-11T10:00:00Z,174,TOWER-HIST-08,OUTGOING,VOICE
CDR-RECYCLE-26225-0276,+91-9810011223,+91-9173499309,2025-04-26T10:00:00Z,55,TOWER-HIST-09,OUTGOING,VOICE
CDR-RECYCLE-26225-0277,+91-9810011223,+91-9164495750,2025-03-17T10:00:00Z,157,TOWER-HIST-07,OUTGOING,VOICE
CDR-RECYCLE-26225-0278,+91-9810011223,+91-9192568112,2025-01-01T10:00:00Z,91,TOWER-HIST-09,OUTGOING,VOICE
CDR-RECYCLE-26225-0279,+91-9810011223,+91-9145856051,2025-03-10T10:00:00Z,143,TOWER-HIST-09,OUTGOING,VOICE
CDR-RECYCLE-26225-0280,+91-9810011223,+91-9183821585,2025-04-10T10:00:00Z,85,TOWER-HIST-02,OUTGOING,VOICE
CDR-RECYCLE-26225-0281,+91-9810011223,+91-9128186362,2025-03-07T10:00:00Z,100,TOWER-HIST-10,OUTGOING,VOICE
CDR-RECYCLE-26225-0282,+91-9810011223,+91-9134040835,2025-02-14T10:00:00Z,18,TOWER-HIST-10,OUTGOING,VOICE
CDR-RECYCLE-26225-0283,+91-9810011223,+91-9120137865,2025-04-16T10:00:00Z,169,TOWER-HIST-09,OUTGOING,VOICE
CDR-RECYCLE-26225-0284,+91-9810011223,+91-9152733515,2025-04-05T10:00:00Z,101,TOWER-HIST-03,OUTGOING,VOICE
CDR-RECYCLE-26225-0285,+91-9810011223,+91-9101738258,2025-02-16T10:00:00Z,31,TOWER-HIST-07,OUTGOING,VOICE
CDR-RECYCLE-26225-0286,+91-9810011223,+91-9135956036,2025-02-02T10:00:00Z,78,TOWER-HIST-04,OUTGOING,VOICE
CDR-RECYCLE-26225-0287,+91-9810011223,+91-9194073079,2025-04-28T10:00:00Z,64,TOWER-HIST-04,OUTGOING,VOICE
CDR-RECYCLE-26225-0288,+91-9810011223,+91-9191760977,2025-05-25T10:00:00Z,51,TOWER-HIST-01,OUTGOING,VOICE
CDR-RECYCLE-26225-0289,+91-9810011223,+91-9164650291,2025-05-19T10:00:00Z,105,TOWER-HIST-08,OUTGOING,VOICE
CDR-RECYCLE-26225-0290,+91-9810011223,+91-9156293639,2025-03-11T10:00:00Z,130,TOWER-HIST-06,OUTGOING,VOICE
CDR-RECYCLE-26225-0291,+91-9810011223,+91-9178375284,2025-05-14T10:00:00Z,26,TOWER-HIST-04,OUTGOING,VOICE
CDR-RECYCLE-26225-0292,+91-9810011223,+91-9125000939,2025-05-09T10:00:00Z,124,TOWER-HIST-04,OUTGOING,VOICE
CDR-RECYCLE-26225-0293,+91-9810011223,+91-9110733275,2025-03-28T10:00:00Z,45,TOWER-HIST-06,OUTGOING,VOICE
CDR-RECYCLE-26225-0294,+91-9810011223,+91-9189833124,2025-04-12T10:00:00Z,33,TOWER-HIST-03,OUTGOING,VOICE
CDR-RECYCLE-26225-0295,+91-9810011223,+91-9199023827,2025-02-12T10:00:00Z,80,TOWER-HIST-04,OUTGOING,VOICE
CDR-RECYCLE-26225-0296,+91-9810011223,+91-9173479721,2025-01-15T10:00:00Z,49,TOWER-HIST-04,OUTGOING,VOICE
CDR-RECYCLE-26225-0297,+91-9810011223,+91-9141843992,2025-04-25T10:00:00Z,176,TOWER-HIST-08,OUTGOING,VOICE
CDR-RECYCLE-26225-0298,+91-9810011223,+91-9162366552,2025-02-25T10:00:00Z,132,TOWER-HIST-04,OUTGOING,VOICE
CDR-RECYCLE-26225-0299,+91-9810011223,+91-9104973623,2025-01-25T10:00:00Z,105,TOWER-HIST-10,OUTGOING,VOICE
CDR-RECYCLE-26225-0300,+91-9810011223,+91-9104260167,2025-04-07T10:00:00Z,58,TOWER-HIST-09,OUTGOING,VOICE
CDR-RECYCLE-26225-0301,+91-9810011223,+91-9155032308,2025-04-13T10:00:00Z,102,TOWER-HIST-06,OUTGOING,VOICE
CDR-RECYCLE-26225-0302,+91-9810011223,+91-9132865402,2025-06-21T10:00:00Z,110,TOWER-HIST-04,OUTGOING,VOICE
CDR-RECYCLE-26225-0303,+91-9810011223,+91-9109879568,2025-02-12T10:00:00Z,98,TOWER-HIST-04,OUTGOING,VOICE
CDR-RECYCLE-26225-0304,+91-9810011223,+91-9125862444,2025-02-18T10:00:00Z,21,TOWER-HIST-07,OUTGOING,VOICE
CDR-RECYCLE-26225-0305,+91-9810011223,+91-9167032619,2025-06-21T10:00:00Z,32,TOWER-HIST-02,OUTGOING,VOICE
CDR-RECYCLE-26225-0306,+91-9810011223,+91-9141394732,2025-06-05T10:00:00Z,47,TOWER-HIST-02,OUTGOING,VOICE
CDR-RECYCLE-26225-0307,+91-9810011223,+91-9156730131,2025-06-15T10:00:00Z,165,TOWER-HIST-08,OUTGOING,VOICE
CDR-RECYCLE-26225-0308,+91-9810011223,+91-9164094460,2025-05-24T10:00:00Z,149,TOWER-HIST-03,OUTGOING,VOICE
CDR-RECYCLE-26225-0309,+91-9810011223,+91-9117865117,2025-01-06T10:00:00Z,76,TOWER-HIST-03,OUTGOING,VOICE
CDR-RECYCLE-26225-0310,+91-9810011223,+91-9150191232,2025-05-23T10:00:00Z,179,TOWER-HIST-03,OUTGOING,VOICE
CDR-RECYCLE-26225-0311,+91-9810011223,+91-9168034222,2025-02-06T10:00:00Z,20,TOWER-HIST-09,OUTGOING,VOICE
CDR-RECYCLE-26225-0312,+91-9810011223,+91-9181001950,2025-05-20T10:00:00Z,59,TOWER-HIST-08,OUTGOING,VOICE
CDR-RECYCLE-26225-0313,+91-9810011223,+91-9160655195,2025-04-25T10:00:00Z,31,TOWER-HIST-09,OUTGOING,VOICE
CDR-RECYCLE-26225-0314,+91-9810011223,+91-9126567431,2025-03-03T10:00:00Z,98,TOWER-HIST-07,OUTGOING,VOICE
CDR-RECYCLE-26225-0315,+91-9810011223,+91-9186655005,2025-05-05T10:00:00Z,151,TOWER-HIST-03,OUTGOING,VOICE
CDR-RECYCLE-26225-0316,+91-9810011223,+91-9184738315,2025-06-02T10:00:00Z,158,TOWER-HIST-07,OUTGOING,VOICE
CDR-RECYCLE-26225-0317,+91-9810011223,+91-9144494542,2025-01-25T10:00:00Z,99,TOWER-HIST-08,OUTGOING,VOICE
CDR-RECYCLE-26225-0318,+91-9810011223,+91-9120519782,2025-05-14T10:00:00Z,141,TOWER-HIST-04,OUTGOING,VOICE
CDR-RECYCLE-26225-0319,+91-9810011223,+91-9146399231,2025-02-24T10:00:00Z,59,TOWER-HIST-02,OUTGOING,VOICE
CDR-RECYCLE-26225-0320,+91-9810011223,+91-9159582684,2025-04-04T10:00:00Z,84,TOWER-HIST-01,OUTGOING,VOICE
CDR-RECYCLE-26225-0321,+91-9810011223,+91-9195628357,2025-01-17T10:00:00Z,36,TOWER-HIST-04,OUTGOING,VOICE
CDR-RECYCLE-26225-0322,+91-9810011223,+91-9133303162,2025-05-10T10:00:00Z,53,TOWER-HIST-02,OUTGOING,VOICE
CDR-RECYCLE-26225-0323,+91-9810011223,+91-9140847129,2025-03-16T10:00:00Z,117,TOWER-HIST-03,OUTGOING,VOICE
CDR-RECYCLE-26225-0324,+91-9810011223,+91-9104282103,2025-06-02T10:00:00Z,161,TOWER-HIST-10,OUTGOING,VOICE
CDR-RECYCLE-26225-0325,+91-9810011223,+91-9112643650,2025-05-20T10:00:00Z,160,TOWER-HIST-03,OUTGOING,VOICE
CDR-RECYCLE-26225-0326,+91-9810011223,+91-9135637312,2025-06-15T10:00:00Z,172,TOWER-HIST-09,OUTGOING,VOICE
CDR-RECYCLE-26225-0327,+91-9810011223,+91-9153942305,2025-01-17T10:00:00Z,31,TOWER-HIST-03,OUTGOING,VOICE
CDR-RECYCLE-26225-0328,+91-9810011223,+91-9150613359,2025-02-15T10:00:00Z,126,TOWER-HIST-09,OUTGOING,VOICE
CDR-RECYCLE-26225-0329,+91-9810011223,+91-9160519636,2025-02-19T10:00:00Z,128,TOWER-HIST-06,OUTGOING,VOICE
CDR-RECYCLE-26225-0330,+91-9810011223,+91-9183128320,2025-03-16T10:00:00Z,25,TOWER-HIST-02,OUTGOING,VOICE
CDR-RECYCLE-26225-0331,+91-9810011223,+91-9108065303,2025-06-04T10:00:00Z,95,TOWER-HIST-09,OUTGOING,VOICE
CDR-RECYCLE-26225-0332,+91-9810011223,+91-9187314695,2025-02-17T10:00:00Z,32,TOWER-HIST-09,OUTGOING,VOICE
CDR-RECYCLE-26225-0333,+91-9810011223,+91-9180200068,2025-06-28T10:00:00Z,29,TOWER-HIST-02,OUTGOING,VOICE
CDR-RECYCLE-26225-0334,+91-9810011223,+91-9108993770,2025-06-16T10:00:00Z,20,TOWER-HIST-10,OUTGOING,VOICE
CDR-RECYCLE-26225-0335,+91-9810011223,+91-9188674062,2025-03-14T10:00:00Z,38,TOWER-HIST-07,OUTGOING,VOICE
CDR-RECYCLE-26225-0336,+91-9810011223,+91-9155559633,2025-05-18T10:00:00Z,113,TOWER-HIST-10,OUTGOING,VOICE
CDR-RECYCLE-26225-0337,+91-9810011223,+91-9191460783,2025-01-16T10:00:00Z,30,TOWER-HIST-10,OUTGOING,VOICE
CDR-RECYCLE-26225-0338,+91-9810011223,+91-9166415003,2025-06-11T10:00:00Z,57,TOWER-HIST-01,OUTGOING,VOICE
CDR-RECYCLE-26225-0339,+91-9810011223,+91-9149465674,2025-02-17T10:00:00Z,86,TOWER-HIST-06,OUTGOING,VOICE
CDR-RECYCLE-26225-0340,+91-9810011223,+91-9190474300,2025-05-26T10:00:00Z,49,TOWER-HIST-03,OUTGOING,VOICE
CDR-RECYCLE-26225-0341,+91-9810011223,+91-9132932957,2025-02-19T10:00:00Z,142,TOWER-HIST-06,OUTGOING,VOICE
CDR-RECYCLE-26225-0342,+91-9810011223,+91-9159595667,2025-04-11T10:00:00Z,32,TOWER-HIST-05,OUTGOING,VOICE
CDR-RECYCLE-26225-0343,+91-9810011223,+91-9142009818,2025-04-06T10:00:00Z,162,TOWER-HIST-04,OUTGOING,VOICE
CDR-RECYCLE-26225-0344,+91-9810011223,+91-9175148003,2025-05-15T10:00:00Z,150,TOWER-HIST-04,OUTGOING,VOICE
CDR-RECYCLE-26225-0345,+91-9810011223,+91-9168595858,2025-04-10T10:00:00Z,92,TOWER-HIST-01,OUTGOING,VOICE
CDR-RECYCLE-26225-0346,+91-9810011223,+91-9180088354,2025-02-10T10:00:00Z,44,TOWER-HIST-08,OUTGOING,VOICE
CDR-RECYCLE-26225-0347,+91-9810011223,+91-9129789262,2025-01-11T10:00:00Z,60,TOWER-HIST-05,OUTGOING,VOICE
CDR-RECYCLE-26225-0348,+91-9810011223,+91-9101121139,2025-03-25T10:00:00Z,99,TOWER-HIST-02,OUTGOING,VOICE
CDR-RECYCLE-26225-0349,+91-9810011223,+91-9122727958,2025-05-14T10:00:00Z,60,TOWER-HIST-09,OUTGOING,VOICE
CDR-RECYCLE-26225-0350,+91-9810011223,+91-9155154468,2025-06-16T10:00:00Z,109,TOWER-HIST-08,OUTGOING,VOICE
CDR-RECYCLE-26225-0351,+91-9810011223,+91-9186055960,2025-04-27T10:00:00Z,159,TOWER-HIST-09,OUTGOING,VOICE
CDR-RECYCLE-26225-0352,+91-9810011223,+91-9143727107,2025-02-07T10:00:00Z,119,TOWER-HIST-02,OUTGOING,VOICE
CDR-RECYCLE-26225-0353,+91-9810011223,+91-9194415890,2025-06-05T10:00:00Z,98,TOWER-HIST-10,OUTGOING,VOICE
CDR-RECYCLE-26225-0354,+91-9810011223,+91-9139521511,2025-05-20T10:00:00Z,27,TOWER-HIST-06,OUTGOING,VOICE
CDR-RECYCLE-26225-0355,+91-9810011223,+91-9123877763,2025-06-26T10:00:00Z,26,TOWER-HIST-03,OUTGOING,VOICE
CDR-RECYCLE-26225-0356,+91-9810011223,+91-9158348397,2025-05-03T10:00:00Z,50,TOWER-HIST-01,OUTGOING,VOICE
CDR-RECYCLE-26225-0357,+91-9810011223,+91-9136325362,2025-06-13T10:00:00Z,118,TOWER-HIST-09,OUTGOING,VOICE
CDR-RECYCLE-26225-0358,+91-9810011223,+91-9194186796,2025-03-27T10:00:00Z,119,TOWER-HIST-09,OUTGOING,VOICE
CDR-RECYCLE-26225-0359,+91-9810011223,+91-9127950980,2025-04-22T10:00:00Z,143,TOWER-HIST-10,OUTGOING,VOICE
CDR-RECYCLE-26225-0360,+91-9810011223,+91-9128865868,2025-03-22T10:00:00Z,119,TOWER-HIST-01,OUTGOING,VOICE
CDR-RECYCLE-26225-0361,+91-9810011223,+91-9110448389,2025-02-09T10:00:00Z,65,TOWER-HIST-10,OUTGOING,VOICE
CDR-RECYCLE-26225-0362,+91-9810011223,+91-9197905259,2025-04-15T10:00:00Z,95,TOWER-HIST-10,OUTGOING,VOICE
CDR-RECYCLE-26225-0363,+91-9810011223,+91-9171196092,2025-06-06T10:00:00Z,168,TOWER-HIST-07,OUTGOING,VOICE
CDR-RECYCLE-26225-0364,+91-9810011223,+91-9113606186,2025-02-20T10:00:00Z,45,TOWER-HIST-09,OUTGOING,VOICE
CDR-RECYCLE-26225-0365,+91-9810011223,+91-9152639902,2025-04-26T10:00:00Z,69,TOWER-HIST-08,OUTGOING,VOICE
CDR-RECYCLE-26225-0366,+91-9810011223,+91-9109188890,2025-05-22T10:00:00Z,93,TOWER-HIST-10,OUTGOING,VOICE
CDR-RECYCLE-26225-0367,+91-9810011223,+91-9127178822,2025-05-24T10:00:00Z,131,TOWER-HIST-01,OUTGOING,VOICE
CDR-RECYCLE-26225-0368,+91-9810011223,+91-9153845722,2025-03-03T10:00:00Z,64,TOWER-HIST-08,OUTGOING,VOICE
CDR-RECYCLE-26225-0369,+91-9810011223,+91-9182135035,2025-02-15T10:00:00Z,112,TOWER-HIST-01,OUTGOING,VOICE
CDR-RECYCLE-26225-0370,+91-9810011223,+91-9192225768,2025-04-21T10:00:00Z,66,TOWER-HIST-10,OUTGOING,VOICE
CDR-RECYCLE-26225-0371,+91-9810011223,+91-9180931152,2025-03-11T10:00:00Z,175,TOWER-HIST-02,OUTGOING,VOICE
CDR-RECYCLE-26225-0372,+91-9810011223,+91-9188105443,2025-01-12T10:00:00Z,157,TOWER-HIST-07,OUTGOING,VOICE
CDR-RECYCLE-26225-0373,+91-9810011223,+91-9126366137,2025-03-08T10:00:00Z,159,TOWER-HIST-04,OUTGOING,VOICE
CDR-RECYCLE-26225-0374,+91-9810011223,+91-9166409279,2025-04-18T10:00:00Z,37,TOWER-HIST-07,OUTGOING,VOICE
CDR-RECYCLE-26225-0375,+91-9810011223,+91-9173396896,2025-02-03T10:00:00Z,61,TOWER-HIST-02,OUTGOING,VOICE
CDR-RECYCLE-26225-0376,+91-9810011223,+91-9193465494,2025-02-17T10:00:00Z,118,TOWER-HIST-09,OUTGOING,VOICE
CDR-RECYCLE-26225-0377,+91-9810011223,+91-9175092975,2025-04-02T10:00:00Z,115,TOWER-HIST-10,OUTGOING,VOICE
CDR-RECYCLE-26225-0378,+91-9810011223,+91-9173982351,2025-04-19T10:00:00Z,98,TOWER-HIST-05,OUTGOING,VOICE
CDR-RECYCLE-26225-0379,+91-9810011223,+91-9162875740,2025-05-17T10:00:00Z,111,TOWER-HIST-08,OUTGOING,VOICE
CDR-RECYCLE-26225-0380,+91-9810011223,+91-9149734630,2025-01-15T10:00:00Z,70,TOWER-HIST-08,OUTGOING,VOICE
CDR-RECYCLE-26225-0381,+91-9810011223,+91-9115367041,2025-04-17T10:00:00Z,168,TOWER-HIST-07,OUTGOING,VOICE
CDR-RECYCLE-26225-0382,+91-9810011223,+91-9134770549,2025-04-28T10:00:00Z,23,TOWER-HIST-04,OUTGOING,VOICE
CDR-RECYCLE-26225-0383,+91-9810011223,+91-9101486435,2025-06-19T10:00:00Z,68,TOWER-HIST-08,OUTGOING,VOICE
CDR-RECYCLE-26225-0384,+91-9810011223,+91-9170057153,2025-02-08T10:00:00Z,61,TOWER-HIST-06,OUTGOING,VOICE
CDR-RECYCLE-26225-0385,+91-9810011223,+91-9166538794,2025-04-17T10:00:00Z,108,TOWER-HIST-02,OUTGOING,VOICE
CDR-RECYCLE-26225-0386,+91-9810011223,+91-9130383515,2025-02-14T10:00:00Z,157,TOWER-HIST-10,OUTGOING,VOICE
CDR-RECYCLE-26225-0387,+91-9810011223,+91-9163156603,2025-03-22T10:00:00Z,17,TOWER-HIST-09,OUTGOING,VOICE
CDR-RECYCLE-26225-0388,+91-9810011223,+91-9104454128,2025-06-03T10:00:00Z,37,TOWER-HIST-04,OUTGOING,VOICE
CDR-RECYCLE-26225-0389,+91-9810011223,+91-9137112998,2025-03-25T10:00:00Z,107,TOWER-HIST-07,OUTGOING,VOICE
CDR-RECYCLE-26225-0390,+91-9810011223,+91-9167199992,2025-01-01T10:00:00Z,162,TOWER-HIST-08,OUTGOING,VOICE
CDR-RECYCLE-26225-0391,+91-9810011223,+91-9107465051,2025-04-22T10:00:00Z,115,TOWER-HIST-06,OUTGOING,VOICE
CDR-RECYCLE-26225-0392,+91-9810011223,+91-9190924532,2025-02-19T10:00:00Z,112,TOWER-HIST-04,OUTGOING,VOICE
CDR-RECYCLE-26225-0393,+91-9810011223,+91-9184598996,2025-03-11T10:00:00Z,135,TOWER-HIST-09,OUTGOING,VOICE
CDR-RECYCLE-26225-0394,+91-9810011223,+91-9186708257,2025-01-20T10:00:00Z,81,TOWER-HIST-09,OUTGOING,VOICE
CDR-RECYCLE-26225-0395,+91-9810011223,+91-9103964612,2025-05-16T10:00:00Z,162,TOWER-HIST-08,OUTGOING,VOICE
CDR-RECYCLE-26225-0396,+91-9810011223,+91-9137170873,2025-04-25T10:00:00Z,121,TOWER-HIST-03,OUTGOING,VOICE
CDR-RECYCLE-26225-0397,+91-9810011223,+91-9141194103,2025-04-16T10:00:00Z,41,TOWER-HIST-07,OUTGOING,VOICE
CDR-RECYCLE-26225-0398,+91-9810011223,+91-9155593662,2025-06-02T10:00:00Z,25,TOWER-HIST-04,OUTGOING,VOICE
CDR-RECYCLE-26225-0399,+91-9810011223,+91-9166327391,2025-04-28T10:00:00Z,160,TOWER-HIST-02,OUTGOING,VOICE
CDR-RECYCLE-26225-0400,+91-9810011223,+91-9164381720,2025-01-09T10:00:00Z,19,TOWER-HIST-04,OUTGOING,VOICE
CDR-RECYCLE-26225-0401,+91-9810011223,+91-9177172088,2025-03-08T10:00:00Z,175,TOWER-HIST-06,OUTGOING,VOICE
CDR-RECYCLE-26225-0402,+91-9810011223,+91-9117849920,2025-04-11T10:00:00Z,54,TOWER-HIST-04,OUTGOING,VOICE
CDR-RECYCLE-26225-0403,+91-9810011223,+91-9177143155,2025-05-12T10:00:00Z,63,TOWER-HIST-04,OUTGOING,VOICE
CDR-RECYCLE-26225-0404,+91-9810011223,+91-9198830014,2025-05-23T10:00:00Z,45,TOWER-HIST-06,OUTGOING,VOICE
CDR-RECYCLE-26225-0405,+91-9810011223,+91-9156746670,2025-03-19T10:00:00Z,40,TOWER-HIST-04,OUTGOING,VOICE
CDR-RECYCLE-26225-0406,+91-9810011223,+91-9159619557,2025-03-07T10:00:00Z,97,TOWER-HIST-04,OUTGOING,VOICE
CDR-RECYCLE-26225-0407,+91-9810011223,+91-9107395600,2025-04-22T10:00:00Z,137,TOWER-HIST-04,OUTGOING,VOICE
CDR-RECYCLE-26225-0408,+91-9810011223,+91-9182524446,2025-06-05T10:00:00Z,100,TOWER-HIST-10,OUTGOING,VOICE
CDR-RECYCLE-26225-0409,+91-9810011223,+91-9153089529,2025-02-03T10:00:00Z,23,TOWER-HIST-04,OUTGOING,VOICE
CDR-RECYCLE-26225-0410,+91-9810011223,+91-9181800274,2025-05-25T10:00:00Z,57,TOWER-HIST-09,OUTGOING,VOICE
CDR-RECYCLE-26225-0411,+91-9810011223,+91-9112697370,2025-05-07T10:00:00Z,146,TOWER-HIST-08,OUTGOING,VOICE
CDR-RECYCLE-26225-0412,+91-9810011223,+91-9102992787,2025-03-23T10:00:00Z,82,TOWER-HIST-05,OUTGOING,VOICE
CDR-RECYCLE-26225-0413,+91-9810011223,+91-9188454478,2025-06-14T10:00:00Z,171,TOWER-HIST-01,OUTGOING,VOICE
CDR-RECYCLE-26225-0414,+91-9810011223,+91-9152297598,2025-02-12T10:00:00Z,50,TOWER-HIST-03,OUTGOING,VOICE
CDR-RECYCLE-26225-0415,+91-9810011223,+91-9130500502,2025-05-28T10:00:00Z,107,TOWER-HIST-04,OUTGOING,VOICE
CDR-RECYCLE-26225-0416,+91-9810011223,+91-9128558698,2025-03-03T10:00:00Z,37,TOWER-HIST-04,OUTGOING,VOICE
CDR-RECYCLE-26225-0417,+91-9810011223,+91-9150923738,2025-01-09T10:00:00Z,81,TOWER-HIST-03,OUTGOING,VOICE
CDR-RECYCLE-26225-0418,+91-9810011223,+91-9112581948,2025-06-27T10:00:00Z,101,TOWER-HIST-03,OUTGOING,VOICE
CDR-RECYCLE-26225-0419,+91-9810011223,+91-9121016908,2025-01-17T10:00:00Z,25,TOWER-HIST-06,OUTGOING,VOICE
CDR-RECYCLE-26225-0420,+91-9810011223,+91-9131875447,2025-01-11T10:00:00Z,101,TOWER-HIST-06,OUTGOING,VOICE
CDR-RECYCLE-26225-0421,+91-9810011223,+91-9188066467,2025-01-10T10:00:00Z,112,TOWER-HIST-09,OUTGOING,VOICE
CDR-RECYCLE-26225-0422,+91-9810011223,+91-9199984482,2025-06-13T10:00:00Z,26,TOWER-HIST-08,OUTGOING,VOICE
CDR-RECYCLE-26225-0423,+91-9810011223,+91-9102858688,2025-01-19T10:00:00Z,96,TOWER-HIST-09,OUTGOING,VOICE
CDR-RECYCLE-26225-0424,+91-9810011223,+91-9167592292,2025-02-04T10:00:00Z,35,TOWER-HIST-07,OUTGOING,VOICE
CDR-RECYCLE-26225-0425,+91-9810011223,+91-9191098088,2025-06-13T10:00:00Z,72,TOWER-HIST-10,OUTGOING,VOICE
CDR-RECYCLE-26225-0426,+91-9810011223,+91-9182157086,2025-05-08T10:00:00Z,31,TOWER-HIST-10,OUTGOING,VOICE
CDR-RECYCLE-26225-0427,+91-9810011223,+91-9157096211,2025-05-16T10:00:00Z,56,TOWER-HIST-06,OUTGOING,VOICE
CDR-RECYCLE-26225-0428,+91-9810011223,+91-9127463753,2025-02-12T10:00:00Z,88,TOWER-HIST-02,OUTGOING,VOICE
CDR-RECYCLE-26225-0429,+91-9810011223,+91-9111589800,2025-06-08T10:00:00Z,52,TOWER-HIST-08,OUTGOING,VOICE
CDR-RECYCLE-26225-0430,+91-9810011223,+91-9181319721,2025-06-08T10:00:00Z,167,TOWER-HIST-02,OUTGOING,VOICE
CDR-RECYCLE-26225-0431,+91-9810011223,+91-9199653708,2025-04-03T10:00:00Z,36,TOWER-HIST-08,OUTGOING,VOICE
CDR-RECYCLE-26225-0432,+91-9810011223,+91-9184961969,2025-01-08T10:00:00Z,82,TOWER-HIST-04,OUTGOING,VOICE
CDR-RECYCLE-26225-0433,+91-9810011223,+91-9126505478,2025-04-05T10:00:00Z,113,TOWER-HIST-07,OUTGOING,VOICE
CDR-RECYCLE-26225-0434,+91-9810011223,+91-9143340530,2025-04-03T10:00:00Z,66,TOWER-HIST-01,OUTGOING,VOICE
CDR-RECYCLE-26225-0435,+91-9810011223,+91-9114337112,2025-05-11T10:00:00Z,150,TOWER-HIST-01,OUTGOING,VOICE
CDR-RECYCLE-26225-0436,+91-9810011223,+91-9111432058,2025-05-28T10:00:00Z,46,TOWER-HIST-03,OUTGOING,VOICE
CDR-RECYCLE-26225-0437,+91-9810011223,+91-9127715782,2025-01-20T10:00:00Z,43,TOWER-HIST-10,OUTGOING,VOICE
CDR-RECYCLE-26225-0438,+91-9810011223,+91-9190912341,2025-04-02T10:00:00Z,78,TOWER-HIST-08,OUTGOING,VOICE
CDR-RECYCLE-26225-0439,+91-9810011223,+91-9150826167,2025-05-28T10:00:00Z,150,TOWER-HIST-01,OUTGOING,VOICE
CDR-RECYCLE-26225-0440,+91-9810011223,+91-9185693505,2025-04-17T10:00:00Z,27,TOWER-HIST-10,OUTGOING,VOICE
CDR-RECYCLE-26225-0441,+91-9810011223,+91-9167170362,2025-03-03T10:00:00Z,98,TOWER-HIST-07,OUTGOING,VOICE
CDR-RECYCLE-26225-0442,+91-9810011223,+91-9164136342,2025-04-05T10:00:00Z,109,TOWER-HIST-04,OUTGOING,VOICE
CDR-RECYCLE-26225-0443,+91-9810011223,+91-9147151082,2025-03-20T10:00:00Z,24,TOWER-HIST-08,OUTGOING,VOICE
CDR-RECYCLE-26225-0444,+91-9810011223,+91-9179676083,2025-03-07T10:00:00Z,83,TOWER-HIST-01,OUTGOING,VOICE
CDR-RECYCLE-26225-0445,+91-9810011223,+91-9134365916,2025-01-11T10:00:00Z,178,TOWER-HIST-04,OUTGOING,VOICE
CDR-RECYCLE-26225-0446,+91-9810011223,+91-9154687597,2025-03-05T10:00:00Z,82,TOWER-HIST-06,OUTGOING,VOICE
CDR-RECYCLE-26225-0447,+91-9810011223,+91-9189796781,2025-01-17T10:00:00Z,131,TOWER-HIST-08,OUTGOING,VOICE
CDR-RECYCLE-26225-0448,+91-9810011223,+91-9124547869,2025-01-19T10:00:00Z,123,TOWER-HIST-08,OUTGOING,VOICE
CDR-RECYCLE-26225-0449,+91-9810011223,+91-9167900877,2025-01-12T10:00:00Z,21,TOWER-HIST-04,OUTGOING,VOICE
CDR-RECYCLE-26225-0450,+91-9810011223,+91-9168521128,2025-03-07T10:00:00Z,49,TOWER-HIST-05,OUTGOING,VOICE
CDR-RECYCLE-26225-0451,+91-9810011223,+91-9131040740,2025-06-09T10:00:00Z,44,TOWER-HIST-10,OUTGOING,VOICE
CDR-RECYCLE-26225-0452,+91-9810011223,+91-9130212946,2025-02-22T10:00:00Z,33,TOWER-HIST-10,OUTGOING,VOICE
CDR-RECYCLE-26225-0453,+91-9810011223,+91-9196770899,2025-05-02T10:00:00Z,175,TOWER-HIST-02,OUTGOING,VOICE
CDR-RECYCLE-26225-0454,+91-9810011223,+91-9167559450,2025-06-22T10:00:00Z,128,TOWER-HIST-01,OUTGOING,VOICE
CDR-RECYCLE-26225-0455,+91-9810011223,+91-9127368385,2025-04-02T10:00:00Z,152,TOWER-HIST-06,OUTGOING,VOICE
CDR-RECYCLE-26225-0456,+91-9810011223,+91-9160535277,2025-02-11T10:00:00Z,104,TOWER-HIST-03,OUTGOING,VOICE
CDR-RECYCLE-26225-0457,+91-9810011223,+91-9172042666,2025-06-05T10:00:00Z,57,TOWER-HIST-02,OUTGOING,VOICE
CDR-RECYCLE-26225-0458,+91-9810011223,+91-9189704051,2025-02-20T10:00:00Z,63,TOWER-HIST-08,OUTGOING,VOICE
CDR-RECYCLE-26225-0459,+91-9810011223,+91-9146069204,2025-03-05T10:00:00Z,38,TOWER-HIST-09,OUTGOING,VOICE
CDR-RECYCLE-26225-0460,+91-9810011223,+91-9108501451,2025-03-22T10:00:00Z,44,TOWER-HIST-05,OUTGOING,VOICE
CDR-RECYCLE-26225-0461,+91-9810011223,+91-9100448958,2025-01-11T10:00:00Z,23,TOWER-HIST-10,OUTGOING,VOICE
CDR-RECYCLE-26225-0462,+91-9810011223,+91-9117135845,2025-01-09T10:00:00Z,64,TOWER-HIST-07,OUTGOING,VOICE
CDR-RECYCLE-26225-0463,+91-9810011223,+91-9114140609,2025-06-03T10:00:00Z,98,TOWER-HIST-02,OUTGOING,VOICE
CDR-RECYCLE-26225-0464,+91-9810011223,+91-9144005363,2025-02-09T10:00:00Z,66,TOWER-HIST-10,OUTGOING,VOICE
CDR-RECYCLE-26225-0465,+91-9810011223,+91-9152099629,2025-04-19T10:00:00Z,106,TOWER-HIST-01,OUTGOING,VOICE
CDR-RECYCLE-26225-0466,+91-9810011223,+91-9125961374,2025-03-03T10:00:00Z,78,TOWER-HIST-08,OUTGOING,VOICE
CDR-RECYCLE-26225-0467,+91-9810011223,+91-9152184201,2025-06-12T10:00:00Z,88,TOWER-HIST-07,OUTGOING,VOICE
CDR-RECYCLE-26225-0468,+91-9810011223,+91-9181804498,2025-06-01T10:00:00Z,148,TOWER-HIST-08,OUTGOING,VOICE
CDR-RECYCLE-26225-0469,+91-9810011223,+91-9163133431,2025-06-02T10:00:00Z,121,TOWER-HIST-02,OUTGOING,VOICE
CDR-RECYCLE-26225-0470,+91-9810011223,+91-9159517169,2025-06-03T10:00:00Z,144,TOWER-HIST-05,OUTGOING,VOICE
CDR-RECYCLE-26225-0471,+91-9810011223,+91-9145928397,2025-06-17T10:00:00Z,28,TOWER-HIST-07,OUTGOING,VOICE
CDR-RECYCLE-26225-0472,+91-9810011223,+91-9128964286,2025-01-01T10:00:00Z,73,TOWER-HIST-08,OUTGOING,VOICE
CDR-RECYCLE-26225-0473,+91-9810011223,+91-9173614057,2025-04-17T10:00:00Z,85,TOWER-HIST-07,OUTGOING,VOICE
CDR-RECYCLE-26225-0474,+91-9810011223,+91-9142668970,2025-06-27T10:00:00Z,131,TOWER-HIST-01,OUTGOING,VOICE
CDR-RECYCLE-26225-0475,+91-9810011223,+91-9185562289,2025-01-06T10:00:00Z,153,TOWER-HIST-10,OUTGOING,VOICE
CDR-RECYCLE-26225-0476,+91-9810011223,+91-9189740464,2025-03-04T10:00:00Z,40,TOWER-HIST-08,OUTGOING,VOICE
CDR-RECYCLE-26225-0477,+91-9810011223,+91-9147812095,2025-02-14T10:00:00Z,42,TOWER-HIST-09,OUTGOING,VOICE
CDR-RECYCLE-26225-0478,+91-9810011223,+91-9120148611,2025-03-05T10:00:00Z,180,TOWER-HIST-04,OUTGOING,VOICE
CDR-RECYCLE-26225-0479,+91-9810011223,+91-9152048171,2025-04-18T10:00:00Z,111,TOWER-HIST-08,OUTGOING,VOICE
CDR-RECYCLE-26225-0480,+91-9810011223,+91-9163385147,2025-05-20T10:00:00Z,84,TOWER-HIST-01,OUTGOING,VOICE
CDR-RECYCLE-26225-0481,+91-9810011223,+91-9197589937,2025-06-26T10:00:00Z,152,TOWER-HIST-01,OUTGOING,VOICE
CDR-RECYCLE-26225-0482,+91-9810011223,+91-9166119727,2025-02-05T10:00:00Z,74,TOWER-HIST-07,OUTGOING,VOICE
CDR-RECYCLE-26225-0483,+91-9810011223,+91-9151679363,2025-06-10T10:00:00Z,106,TOWER-HIST-04,OUTGOING,VOICE
CDR-RECYCLE-26225-0484,+91-9810011223,+91-9152163755,2025-04-16T10:00:00Z,176,TOWER-HIST-05,OUTGOING,VOICE
CDR-RECYCLE-26225-0485,+91-9810011223,+91-9153430541,2025-06-10T10:00:00Z,26,TOWER-HIST-06,OUTGOING,VOICE
CDR-RECYCLE-26225-0486,+91-9810011223,+91-9140126656,2025-03-21T10:00:00Z,124,TOWER-HIST-09,OUTGOING,VOICE
CDR-RECYCLE-26225-0487,+91-9810011223,+91-9189716173,2025-02-04T10:00:00Z,126,TOWER-HIST-08,OUTGOING,VOICE
CDR-RECYCLE-26225-0488,+91-9810011223,+91-9107590867,2025-04-27T10:00:00Z,45,TOWER-HIST-10,OUTGOING,VOICE
CDR-RECYCLE-26225-0489,+91-9810011223,+91-9176459059,2025-06-16T10:00:00Z,164,TOWER-HIST-10,OUTGOING,VOICE
CDR-RECYCLE-26225-0490,+91-9810011223,+91-9120697404,2025-02-09T10:00:00Z,162,TOWER-HIST-07,OUTGOING,VOICE
CDR-RECYCLE-26225-0491,+91-9810011223,+91-9186364675,2025-04-04T10:00:00Z,138,TOWER-HIST-07,OUTGOING,VOICE
CDR-RECYCLE-26225-0492,+91-9810011223,+91-9161923953,2025-04-07T10:00:00Z,61,TOWER-HIST-02,OUTGOING,VOICE
CDR-RECYCLE-26225-0493,+91-9810011223,+91-9125587313,2025-04-08T10:00:00Z,22,TOWER-HIST-08,OUTGOING,VOICE
CDR-RECYCLE-26225-0494,+91-9810011223,+91-9177383780,2025-06-18T10:00:00Z,76,TOWER-HIST-04,OUTGOING,VOICE
CDR-RECYCLE-26225-0495,+91-9810011223,+91-9132115997,2025-03-24T10:00:00Z,103,TOWER-HIST-02,OUTGOING,VOICE
CDR-RECYCLE-26225-0496,+91-9810011223,+91-9141871974,2025-02-22T10:00:00Z,167,TOWER-HIST-05,OUTGOING,VOICE
CDR-RECYCLE-26225-0497,+91-9810011223,+91-9165022972,2025-02-16T10:00:00Z,140,TOWER-HIST-10,OUTGOING,VOICE
CDR-RECYCLE-26225-0498,+91-9810011223,+91-9163008671,2025-04-11T10:00:00Z,40,TOWER-HIST-01,OUTGOING,VOICE
CDR-RECYCLE-26225-0499,+91-9810011223,+91-9174393006,2025-01-10T10:00:00Z,170,TOWER-HIST-10,OUTGOING,VOICE
CDR-RECYCLE-26225-0500,+91-9810011223,+91-9154041123,2025-01-28T10:00:00Z,131,TOWER-HIST-02,OUTGOING,VOICE
CDR-RECYCLE-26225-0501,+91-9810011223,+91-9182912844,2025-02-19T10:00:00Z,153,TOWER-HIST-09,OUTGOING,VOICE
CDR-RECYCLE-26225-0502,+91-9810011223,+91-9149897675,2025-02-14T10:00:00Z,163,TOWER-HIST-05,OUTGOING,VOICE
CDR-RECYCLE-26225-0503,+91-9810011223,+91-9198848588,2025-03-24T10:00:00Z,144,TOWER-HIST-01,OUTGOING,VOICE
CDR-RECYCLE-26225-0504,+91-9810011223,+91-9103552997,2025-05-21T10:00:00Z,35,TOWER-HIST-03,OUTGOING,VOICE
CDR-RECYCLE-26225-0505,+91-9810011223,+91-9181545368,2025-02-17T10:00:00Z,45,TOWER-HIST-07,OUTGOING,VOICE
CDR-RECYCLE-26225-0506,+91-9810011223,+91-9174334736,2025-05-11T10:00:00Z,157,TOWER-HIST-04,OUTGOING,VOICE
CDR-RECYCLE-26225-0507,+91-9810011223,+91-9183189878,2025-04-04T10:00:00Z,161,TOWER-HIST-08,OUTGOING,VOICE
CDR-RECYCLE-26225-0508,+91-9810011223,+91-9157035442,2025-04-03T10:00:00Z,72,TOWER-HIST-01,OUTGOING,VOICE
CDR-RECYCLE-26225-0509,+91-9810011223,+91-9129598645,2025-03-25T10:00:00Z,172,TOWER-HIST-04,OUTGOING,VOICE
CDR-RECYCLE-26225-0510,+91-9810011223,+91-9132853253,2025-01-06T10:00:00Z,72,TOWER-HIST-08,OUTGOING,VOICE
CDR-RECYCLE-26225-0511,+91-9810011223,+91-9149142890,2025-05-08T10:00:00Z,175,TOWER-HIST-09,OUTGOING,VOICE
CDR-RECYCLE-26225-0512,+91-9810011223,+91-9176479367,2025-02-27T10:00:00Z,47,TOWER-HIST-10,OUTGOING,VOICE
CDR-RECYCLE-26225-0513,+91-9810011223,+91-9100168381,2025-03-26T10:00:00Z,91,TOWER-HIST-09,OUTGOING,VOICE
CDR-RECYCLE-26225-0514,+91-9810011223,+91-9180049341,2025-03-22T10:00:00Z,117,TOWER-HIST-05,OUTGOING,VOICE
CDR-RECYCLE-26225-0515,+91-9810011223,+91-9178880157,2025-01-12T10:00:00Z,180,TOWER-HIST-07,OUTGOING,VOICE
CDR-RECYCLE-26225-0516,+91-9810011223,+91-9184269444,2025-01-11T10:00:00Z,174,TOWER-HIST-03,OUTGOING,VOICE
CDR-RECYCLE-26225-0517,+91-9810011223,+91-9164879950,2025-05-24T10:00:00Z,130,TOWER-HIST-08,OUTGOING,VOICE
CDR-RECYCLE-26225-0518,+91-9810011223,+91-9139557529,2025-01-11T10:00:00Z,46,TOWER-HIST-02,OUTGOING,VOICE
CDR-RECYCLE-26225-0519,+91-9810011223,+91-9138354718,2025-04-07T10:00:00Z,113,TOWER-HIST-06,OUTGOING,VOICE
CDR-RECYCLE-26225-0520,+91-9810011223,+91-9199169180,2025-02-28T10:00:00Z,94,TOWER-HIST-04,OUTGOING,VOICE
CDR-RECYCLE-26225-0521,+91-9810011223,+91-9140217022,2025-03-28T10:00:00Z,28,TOWER-HIST-04,OUTGOING,VOICE
CDR-RECYCLE-26225-0522,+91-9810011223,+91-9193170016,2025-04-22T10:00:00Z,137,TOWER-HIST-03,OUTGOING,VOICE
CDR-RECYCLE-26225-0523,+91-9810011223,+91-9173881346,2025-01-19T10:00:00Z,15,TOWER-HIST-05,OUTGOING,VOICE
CDR-RECYCLE-26225-0524,+91-9810011223,+91-9148826581,2025-06-02T10:00:00Z,84,TOWER-HIST-01,OUTGOING,VOICE
CDR-RECYCLE-26225-0525,+91-9810011223,+91-9143554262,2025-03-12T10:00:00Z,151,TOWER-HIST-06,OUTGOING,VOICE
CDR-RECYCLE-26225-0526,+91-9810011223,+91-9189255124,2025-05-27T10:00:00Z,68,TOWER-HIST-07,OUTGOING,VOICE
CDR-RECYCLE-26225-0527,+91-9810011223,+91-9108171386,2025-01-03T10:00:00Z,155,TOWER-HIST-10,OUTGOING,VOICE
CDR-RECYCLE-26225-0528,+91-9810011223,+91-9163304692,2025-03-08T10:00:00Z,55,TOWER-HIST-03,OUTGOING,VOICE
CDR-RECYCLE-26225-0529,+91-9810011223,+91-9174358665,2025-01-09T10:00:00Z,56,TOWER-HIST-07,OUTGOING,VOICE
CDR-RECYCLE-26225-0530,+91-9810011223,+91-9188696276,2025-05-08T10:00:00Z,68,TOWER-HIST-01,OUTGOING,VOICE
CDR-RECYCLE-26225-0531,+91-9810011223,+91-9109287066,2025-04-18T10:00:00Z,163,TOWER-HIST-04,OUTGOING,VOICE
CDR-RECYCLE-26225-0532,+91-9810011223,+91-9167845374,2025-03-08T10:00:00Z,145,TOWER-HIST-01,OUTGOING,VOICE
CDR-RECYCLE-26225-0533,+91-9810011223,+91-9199550622,2025-03-10T10:00:00Z,139,TOWER-HIST-06,OUTGOING,VOICE
CDR-RECYCLE-26225-0534,+91-9810011223,+91-9168912165,2025-02-23T10:00:00Z,88,TOWER-HIST-02,OUTGOING,VOICE
CDR-RECYCLE-26225-0535,+91-9810011223,+91-9177079044,2025-03-11T10:00:00Z,83,TOWER-HIST-07,OUTGOING,VOICE
CDR-RECYCLE-26225-0536,+91-9810011223,+91-9102985902,2025-06-27T10:00:00Z,87,TOWER-HIST-10,OUTGOING,VOICE
CDR-RECYCLE-26225-0537,+91-9810011223,+91-9195040646,2025-06-28T10:00:00Z,77,TOWER-HIST-01,OUTGOING,VOICE
CDR-RECYCLE-26225-0538,+91-9810011223,+91-9165516064,2025-05-26T10:00:00Z,52,TOWER-HIST-10,OUTGOING,VOICE
CDR-RECYCLE-26225-0539,+91-9810011223,+91-9162099056,2025-02-26T10:00:00Z,109,TOWER-HIST-09,OUTGOING,VOICE
CDR-RECYCLE-26225-0540,+91-9810011223,+91-9190318330,2025-02-24T10:00:00Z,99,TOWER-HIST-04,OUTGOING,VOICE
CDR-RECYCLE-26225-0541,+91-9810011223,+91-9138115498,2025-06-13T10:00:00Z,29,TOWER-HIST-02,OUTGOING,VOICE
CDR-RECYCLE-26225-0542,+91-9810011223,+91-9123571297,2025-03-01T10:00:00Z,31,TOWER-HIST-02,OUTGOING,VOICE
CDR-RECYCLE-26225-0543,+91-9810011223,+91-9118676972,2025-06-18T10:00:00Z,56,TOWER-HIST-10,OUTGOING,VOICE
CDR-RECYCLE-26225-0544,+91-9810011223,+91-9142812029,2025-04-14T10:00:00Z,15,TOWER-HIST-09,OUTGOING,VOICE
CDR-RECYCLE-26225-0545,+91-9810011223,+91-9100039393,2025-04-07T10:00:00Z,126,TOWER-HIST-02,OUTGOING,VOICE
CDR-RECYCLE-26225-0546,+91-9810011223,+91-9196254595,2025-01-01T10:00:00Z,72,TOWER-HIST-01,OUTGOING,VOICE
CDR-RECYCLE-26225-0547,+91-9810011223,+91-9134776130,2025-05-22T10:00:00Z,168,TOWER-HIST-07,OUTGOING,VOICE
CDR-RECYCLE-26225-0548,+91-9810011223,+91-9182041493,2025-06-24T10:00:00Z,125,TOWER-HIST-03,OUTGOING,VOICE
CDR-RECYCLE-26225-0549,+91-9810011223,+91-9161362437,2025-06-28T10:00:00Z,89,TOWER-HIST-04,OUTGOING,VOICE
CDR-RECYCLE-26225-0550,+91-9810011223,+91-9133434388,2025-01-01T10:00:00Z,20,TOWER-HIST-05,OUTGOING,VOICE
CDR-RECYCLE-26225-0551,+91-9810011223,+91-9187514764,2025-03-07T10:00:00Z,35,TOWER-HIST-01,OUTGOING,VOICE
CDR-RECYCLE-26225-0552,+91-9810011223,+91-9172375529,2025-02-15T10:00:00Z,33,TOWER-HIST-10,OUTGOING,VOICE
CDR-RECYCLE-26225-0553,+91-9810011223,+91-9113019605,2025-04-06T10:00:00Z,19,TOWER-HIST-09,OUTGOING,VOICE
CDR-RECYCLE-26225-0554,+91-9810011223,+91-9198009311,2025-04-15T10:00:00Z,157,TOWER-HIST-05,OUTGOING,VOICE
CDR-RECYCLE-26225-0555,+91-9810011223,+91-9194160167,2025-05-26T10:00:00Z,162,TOWER-HIST-06,OUTGOING,VOICE
CDR-RECYCLE-26225-0556,+91-9810011223,+91-9192026837,2025-05-15T10:00:00Z,137,TOWER-HIST-05,OUTGOING,VOICE
CDR-RECYCLE-26225-0557,+91-9810011223,+91-9120191673,2025-03-03T10:00:00Z,93,TOWER-HIST-03,OUTGOING,VOICE
CDR-RECYCLE-26225-0558,+91-9810011223,+91-9163740879,2025-04-02T10:00:00Z,141,TOWER-HIST-09,OUTGOING,VOICE
CDR-RECYCLE-26225-0559,+91-9810011223,+91-9171339276,2025-03-15T10:00:00Z,173,TOWER-HIST-03,OUTGOING,VOICE
CDR-RECYCLE-26225-0560,+91-9810011223,+91-9163335474,2025-03-28T10:00:00Z,145,TOWER-HIST-07,OUTGOING,VOICE
CDR-RECYCLE-26225-0561,+91-9810011223,+91-9164316285,2025-02-08T10:00:00Z,94,TOWER-HIST-04,OUTGOING,VOICE
CDR-RECYCLE-26225-0562,+91-9810011223,+91-9160126922,2025-05-07T10:00:00Z,124,TOWER-HIST-08,OUTGOING,VOICE
CDR-RECYCLE-26225-0563,+91-9810011223,+91-9107900162,2025-04-09T10:00:00Z,133,TOWER-HIST-07,OUTGOING,VOICE
CDR-RECYCLE-26225-0564,+91-9810011223,+91-9132839428,2025-06-15T10:00:00Z,68,TOWER-HIST-08,OUTGOING,VOICE
CDR-RECYCLE-26225-0565,+91-9810011223,+91-9125347331,2025-01-24T10:00:00Z,99,TOWER-HIST-10,OUTGOING,VOICE
CDR-RECYCLE-26225-0566,+91-9810011223,+91-9167864552,2025-03-28T10:00:00Z,150,TOWER-HIST-04,OUTGOING,VOICE
CDR-RECYCLE-26225-0567,+91-9810011223,+91-9109780085,2025-03-16T10:00:00Z,43,TOWER-HIST-06,OUTGOING,VOICE
CDR-RECYCLE-26225-0568,+91-9810011223,+91-9114323233,2025-06-22T10:00:00Z,23,TOWER-HIST-07,OUTGOING,VOICE
CDR-RECYCLE-26225-0569,+91-9810011223,+91-9104446706,2025-03-27T10:00:00Z,179,TOWER-HIST-02,OUTGOING,VOICE
CDR-RECYCLE-26225-0570,+91-9810011223,+91-9127261776,2025-06-11T10:00:00Z,172,TOWER-HIST-06,OUTGOING,VOICE
CDR-RECYCLE-26225-0571,+91-9810011223,+91-9125305968,2025-03-08T10:00:00Z,178,TOWER-HIST-09,OUTGOING,VOICE
CDR-RECYCLE-26225-0572,+91-9810011223,+91-9151128301,2025-03-22T10:00:00Z,45,TOWER-HIST-03,OUTGOING,VOICE
CDR-RECYCLE-26225-0573,+91-9810011223,+91-9113900016,2025-06-21T10:00:00Z,117,TOWER-HIST-01,OUTGOING,VOICE
CDR-RECYCLE-26225-0574,+91-9810011223,+91-9176062354,2025-04-11T10:00:00Z,114,TOWER-HIST-05,OUTGOING,VOICE
CDR-RECYCLE-26225-0575,+91-9810011223,+91-9101184443,2025-03-06T10:00:00Z,149,TOWER-HIST-05,OUTGOING,VOICE
CDR-RECYCLE-26225-0576,+91-9810011223,+91-9134154258,2025-06-11T10:00:00Z,90,TOWER-HIST-06,OUTGOING,VOICE
CDR-RECYCLE-26225-0577,+91-9810011223,+91-9157283445,2025-02-26T10:00:00Z,151,TOWER-HIST-04,OUTGOING,VOICE
CDR-RECYCLE-26225-0578,+91-9810011223,+91-9187947836,2025-02-07T10:00:00Z,122,TOWER-HIST-05,OUTGOING,VOICE
CDR-RECYCLE-26225-0579,+91-9810011223,+91-9183437856,2025-01-21T10:00:00Z,83,TOWER-HIST-06,OUTGOING,VOICE
CDR-RECYCLE-26225-0580,+91-9810011223,+91-9130571996,2025-06-22T10:00:00Z,119,TOWER-HIST-04,OUTGOING,VOICE
CDR-RECYCLE-26225-0581,+91-9810011223,+91-9106772960,2025-03-08T10:00:00Z,115,TOWER-HIST-03,OUTGOING,VOICE
CDR-RECYCLE-26225-0582,+91-9810011223,+91-9179845275,2025-03-21T10:00:00Z,27,TOWER-HIST-02,OUTGOING,VOICE
CDR-RECYCLE-26225-0583,+91-9810011223,+91-9191570598,2025-06-16T10:00:00Z,155,TOWER-HIST-06,OUTGOING,VOICE
CDR-RECYCLE-26225-0584,+91-9810011223,+91-9145348498,2025-01-18T10:00:00Z,120,TOWER-HIST-06,OUTGOING,VOICE
CDR-RECYCLE-26225-0585,+91-9810011223,+91-9128554691,2025-06-03T10:00:00Z,29,TOWER-HIST-02,OUTGOING,VOICE
CDR-RECYCLE-26225-0586,+91-9810011223,+91-9145303037,2025-03-18T10:00:00Z,132,TOWER-HIST-08,OUTGOING,VOICE
CDR-RECYCLE-26225-0587,+91-9810011223,+91-9133341445,2025-06-13T10:00:00Z,73,TOWER-HIST-04,OUTGOING,VOICE
CDR-RECYCLE-26225-0588,+91-9810011223,+91-9146867129,2025-06-09T10:00:00Z,75,TOWER-HIST-06,OUTGOING,VOICE
CDR-RECYCLE-26225-0589,+91-9810011223,+91-9181642894,2025-03-24T10:00:00Z,63,TOWER-HIST-06,OUTGOING,VOICE
CDR-RECYCLE-26225-0590,+91-9810011223,+91-9148710022,2025-03-12T10:00:00Z,41,TOWER-HIST-09,OUTGOING,VOICE
CDR-RECYCLE-26225-0591,+91-9810011223,+91-9149808008,2025-04-07T10:00:00Z,127,TOWER-HIST-07,OUTGOING,VOICE
CDR-RECYCLE-26225-0592,+91-9810011223,+91-9159062852,2025-05-11T10:00:00Z,134,TOWER-HIST-09,OUTGOING,VOICE
CDR-RECYCLE-26225-0593,+91-9810011223,+91-9142745526,2025-05-22T10:00:00Z,131,TOWER-HIST-09,OUTGOING,VOICE
CDR-RECYCLE-26225-0594,+91-9810011223,+91-9124400025,2025-05-01T10:00:00Z,146,TOWER-HIST-03,OUTGOING,VOICE
CDR-RECYCLE-26225-0595,+91-9810011223,+91-9176807904,2025-04-23T10:00:00Z,80,TOWER-HIST-04,OUTGOING,VOICE
CDR-RECYCLE-26225-0596,+91-9810011223,+91-9130682764,2025-03-18T10:00:00Z,149,TOWER-HIST-06,OUTGOING,VOICE
CDR-RECYCLE-26225-0597,+91-9810011223,+91-9108351416,2025-05-27T10:00:00Z,47,TOWER-HIST-10,OUTGOING,VOICE
CDR-RECYCLE-26225-0598,+91-9810011223,+91-9154601522,2025-06-14T10:00:00Z,72,TOWER-HIST-07,OUTGOING,VOICE
CDR-RECYCLE-26225-0599,+91-9810011223,+91-9141725820,2025-04-08T10:00:00Z,37,TOWER-HIST-10,OUTGOING,VOICE
CDR-RECYCLE-26225-0600,+91-9810011223,+91-9113631630,2025-01-25T10:00:00Z,179,TOWER-HIST-05,OUTGOING,VOICE
CDR-RECYCLE-26225-0601,+91-9810011223,+91-9119662552,2025-05-01T10:00:00Z,129,TOWER-HIST-04,OUTGOING,VOICE
CDR-RECYCLE-26225-0602,+91-9810011223,+91-9162899497,2025-02-22T10:00:00Z,61,TOWER-HIST-05,OUTGOING,VOICE
CDR-RECYCLE-26225-0603,+91-9810011223,+91-9167022428,2025-04-02T10:00:00Z,145,TOWER-HIST-10,OUTGOING,VOICE
CDR-RECYCLE-26225-0604,+91-9810011223,+91-9136310231,2025-02-08T10:00:00Z,33,TOWER-HIST-03,OUTGOING,VOICE
CDR-RECYCLE-26225-0605,+91-9810011223,+91-9116540153,2025-06-11T10:00:00Z,144,TOWER-HIST-05,OUTGOING,VOICE
CDR-RECYCLE-26225-0606,+91-9810011223,+91-9114944720,2025-02-24T10:00:00Z,164,TOWER-HIST-06,OUTGOING,VOICE
CDR-RECYCLE-26225-0607,+91-9810011223,+91-9193313149,2025-02-17T10:00:00Z,169,TOWER-HIST-07,OUTGOING,VOICE
CDR-RECYCLE-26225-0608,+91-9810011223,+91-9129588777,2025-03-25T10:00:00Z,158,TOWER-HIST-08,OUTGOING,VOICE
CDR-RECYCLE-26225-0609,+91-9810011223,+91-9193790364,2025-05-12T10:00:00Z,134,TOWER-HIST-05,OUTGOING,VOICE
CDR-RECYCLE-26225-0610,+91-9810011223,+91-9173961930,2025-02-13T10:00:00Z,40,TOWER-HIST-09,OUTGOING,VOICE
CDR-RECYCLE-26225-0611,+91-9810011223,+91-9150259184,2025-04-15T10:00:00Z,79,TOWER-HIST-02,OUTGOING,VOICE
CDR-RECYCLE-26225-0612,+91-9810011223,+91-9145903120,2025-05-04T10:00:00Z,34,TOWER-HIST-05,OUTGOING,VOICE
CDR-RECYCLE-26225-0613,+91-9810011223,+91-9159037434,2025-03-02T10:00:00Z,49,TOWER-HIST-08,OUTGOING,VOICE
CDR-RECYCLE-26225-0614,+91-9810011223,+91-9161142129,2025-05-17T10:00:00Z,96,TOWER-HIST-04,OUTGOING,VOICE
CDR-RECYCLE-26225-0615,+91-9810011223,+91-9173409592,2025-02-11T10:00:00Z,65,TOWER-HIST-08,OUTGOING,VOICE
CDR-RECYCLE-26225-0616,+91-9810011223,+91-9132245023,2025-01-05T10:00:00Z,146,TOWER-HIST-01,OUTGOING,VOICE
CDR-RECYCLE-26225-0617,+91-9810011223,+91-9156546762,2025-06-21T10:00:00Z,122,TOWER-HIST-07,OUTGOING,VOICE
CDR-RECYCLE-26225-0618,+91-9810011223,+91-9158831934,2025-01-07T10:00:00Z,92,TOWER-HIST-07,OUTGOING,VOICE
CDR-RECYCLE-26225-0619,+91-9810011223,+91-9142226073,2025-05-06T10:00:00Z,124,TOWER-HIST-09,OUTGOING,VOICE
CDR-RECYCLE-26225-0620,+91-9810011223,+91-9111869689,2025-04-26T10:00:00Z,29,TOWER-HIST-02,OUTGOING,VOICE
CDR-RECYCLE-26225-0621,+91-9810011223,+91-9117432427,2025-04-01T10:00:00Z,50,TOWER-HIST-10,OUTGOING,VOICE
CDR-RECYCLE-26225-0622,+91-9810011223,+91-9192816038,2025-05-10T10:00:00Z,94,TOWER-HIST-06,OUTGOING,VOICE
CDR-RECYCLE-26225-0623,+91-9810011223,+91-9170389501,2025-03-27T10:00:00Z,124,TOWER-HIST-05,OUTGOING,VOICE
CDR-RECYCLE-26225-0624,+91-9810011223,+91-9178371342,2025-03-26T10:00:00Z,53,TOWER-HIST-05,OUTGOING,VOICE
CDR-RECYCLE-26225-0625,+91-9810011223,+91-9183226168,2025-06-10T10:00:00Z,145,TOWER-HIST-01,OUTGOING,VOICE
CDR-RECYCLE-26225-0626,+91-9810011223,+91-9185382120,2025-04-23T10:00:00Z,152,TOWER-HIST-09,OUTGOING,VOICE
CDR-RECYCLE-26225-0627,+91-9810011223,+91-9156283427,2025-06-20T10:00:00Z,21,TOWER-HIST-04,OUTGOING,VOICE
CDR-RECYCLE-26225-0628,+91-9810011223,+91-9199949293,2025-02-27T10:00:00Z,87,TOWER-HIST-06,OUTGOING,VOICE
CDR-RECYCLE-26225-0629,+91-9810011223,+91-9192278638,2025-04-20T10:00:00Z,180,TOWER-HIST-04,OUTGOING,VOICE
CDR-RECYCLE-26225-0630,+91-9810011223,+91-9163838638,2025-02-12T10:00:00Z,174,TOWER-HIST-04,OUTGOING,VOICE
CDR-RECYCLE-26225-0631,+91-9810011223,+91-9193636007,2025-03-16T10:00:00Z,119,TOWER-HIST-06,OUTGOING,VOICE
CDR-RECYCLE-26225-0632,+91-9810011223,+91-9121712512,2025-05-05T10:00:00Z,64,TOWER-HIST-01,OUTGOING,VOICE
CDR-RECYCLE-26225-0633,+91-9810011223,+91-9122386038,2025-02-18T10:00:00Z,51,TOWER-HIST-07,OUTGOING,VOICE
CDR-RECYCLE-26225-0634,+91-9810011223,+91-9139710483,2025-04-21T10:00:00Z,164,TOWER-HIST-09,OUTGOING,VOICE
CDR-RECYCLE-26225-0635,+91-9810011223,+91-9128634515,2025-06-23T10:00:00Z,122,TOWER-HIST-02,OUTGOING,VOICE
CDR-RECYCLE-26225-0636,+91-9810011223,+91-9153312751,2025-05-02T10:00:00Z,45,TOWER-HIST-05,OUTGOING,VOICE
CDR-RECYCLE-26225-0637,+91-9810011223,+91-9132238156,2025-05-18T10:00:00Z,81,TOWER-HIST-01,OUTGOING,VOICE
CDR-RECYCLE-26225-0638,+91-9810011223,+91-9169060618,2025-06-03T10:00:00Z,27,TOWER-HIST-05,OUTGOING,VOICE
CDR-RECYCLE-26225-0639,+91-9810011223,+91-9118450239,2025-01-13T10:00:00Z,144,TOWER-HIST-05,OUTGOING,VOICE
CDR-RECYCLE-26225-0640,+91-9810011223,+91-9126778818,2025-02-24T10:00:00Z,30,TOWER-HIST-07,OUTGOING,VOICE
CDR-RECYCLE-26225-0641,+91-9810011223,+91-9161206072,2025-05-13T10:00:00Z,177,TOWER-HIST-09,OUTGOING,VOICE
CDR-RECYCLE-26225-0642,+91-9810011223,+91-9159462917,2025-05-14T10:00:00Z,37,TOWER-HIST-08,OUTGOING,VOICE
CDR-RECYCLE-26225-0643,+91-9810011223,+91-9119303334,2025-01-08T10:00:00Z,96,TOWER-HIST-05,OUTGOING,VOICE
CDR-RECYCLE-26225-0644,+91-9810011223,+91-9115122597,2025-03-20T10:00:00Z,66,TOWER-HIST-01,OUTGOING,VOICE
CDR-RECYCLE-26225-0645,+91-9810011223,+91-9100509272,2025-02-27T10:00:00Z,153,TOWER-HIST-08,OUTGOING,VOICE
CDR-RECYCLE-26225-0646,+91-9810011223,+91-9170013861,2025-03-03T10:00:00Z,170,TOWER-HIST-05,OUTGOING,VOICE
CDR-RECYCLE-26225-0647,+91-9810011223,+91-9128314280,2025-02-14T10:00:00Z,40,TOWER-HIST-02,OUTGOING,VOICE
CDR-RECYCLE-26225-0648,+91-9810011223,+91-9150120355,2025-01-08T10:00:00Z,135,TOWER-HIST-06,OUTGOING,VOICE
CDR-RECYCLE-26225-0649,+91-9810011223,+91-9171574595,2025-02-17T10:00:00Z,61,TOWER-HIST-04,OUTGOING,VOICE
CDR-RECYCLE-26225-0650,+91-9810011223,+91-9112861406,2025-05-10T10:00:00Z,60,TOWER-HIST-02,OUTGOING,VOICE
CDR-RECYCLE-26225-0651,+91-9810011223,+91-9131667042,2025-01-01T10:00:00Z,124,TOWER-HIST-01,OUTGOING,VOICE
CDR-RECYCLE-26225-0652,+91-9810011223,+91-9186423428,2025-01-11T10:00:00Z,108,TOWER-HIST-06,OUTGOING,VOICE
CDR-RECYCLE-26225-0653,+91-9810011223,+91-9105415685,2025-01-22T10:00:00Z,143,TOWER-HIST-10,OUTGOING,VOICE
CDR-RECYCLE-26225-0654,+91-9810011223,+91-9131862690,2025-04-26T10:00:00Z,128,TOWER-HIST-08,OUTGOING,VOICE
CDR-RECYCLE-26225-0655,+91-9810011223,+91-9189329539,2025-04-09T10:00:00Z,129,TOWER-HIST-05,OUTGOING,VOICE
CDR-RECYCLE-26225-0656,+91-9810011223,+91-9166512270,2025-04-26T10:00:00Z,179,TOWER-HIST-06,OUTGOING,VOICE
CDR-RECYCLE-26225-0657,+91-9810011223,+91-9155058280,2025-05-03T10:00:00Z,73,TOWER-HIST-07,OUTGOING,VOICE
CDR-RECYCLE-26225-0658,+91-9810011223,+91-9163022838,2025-05-14T10:00:00Z,41,TOWER-HIST-09,OUTGOING,VOICE
CDR-RECYCLE-26225-0659,+91-9810011223,+91-9153345951,2025-01-15T10:00:00Z,164,TOWER-HIST-04,OUTGOING,VOICE
CDR-RECYCLE-26225-0660,+91-9810011223,+91-9102191557,2025-01-15T10:00:00Z,69,TOWER-HIST-10,OUTGOING,VOICE
CDR-RECYCLE-26225-0661,+91-9810011223,+91-9176402813,2025-03-08T10:00:00Z,155,TOWER-HIST-06,OUTGOING,VOICE
CDR-RECYCLE-26225-0662,+91-9810011223,+91-9154553743,2025-02-21T10:00:00Z,63,TOWER-HIST-01,OUTGOING,VOICE
CDR-RECYCLE-26225-0663,+91-9810011223,+91-9140801585,2025-06-12T10:00:00Z,125,TOWER-HIST-09,OUTGOING,VOICE
CDR-RECYCLE-26225-0664,+91-9810011223,+91-9123924303,2025-06-20T10:00:00Z,133,TOWER-HIST-03,OUTGOING,VOICE
CDR-RECYCLE-26225-0665,+91-9810011223,+91-9157249892,2025-01-19T10:00:00Z,149,TOWER-HIST-05,OUTGOING,VOICE
CDR-RECYCLE-26225-0666,+91-9810011223,+91-9172281966,2025-05-28T10:00:00Z,123,TOWER-HIST-06,OUTGOING,VOICE
CDR-RECYCLE-26225-0667,+91-9810011223,+91-9109285483,2025-06-19T10:00:00Z,71,TOWER-HIST-01,OUTGOING,VOICE
CDR-RECYCLE-26225-0668,+91-9810011223,+91-9106629981,2025-02-01T10:00:00Z,139,TOWER-HIST-01,OUTGOING,VOICE
CDR-RECYCLE-26225-0669,+91-9810011223,+91-9100126003,2025-03-04T10:00:00Z,164,TOWER-HIST-01,OUTGOING,VOICE
CDR-RECYCLE-26225-0670,+91-9810011223,+91-9126706066,2025-06-28T10:00:00Z,54,TOWER-HIST-09,OUTGOING,VOICE
CDR-RECYCLE-26225-0671,+91-9810011223,+91-9185209668,2025-05-12T10:00:00Z,107,TOWER-HIST-08,OUTGOING,VOICE
CDR-RECYCLE-26225-0672,+91-9810011223,+91-9163258984,2025-02-07T10:00:00Z,168,TOWER-HIST-05,OUTGOING,VOICE
CDR-RECYCLE-26225-0673,+91-9810011223,+91-9118781439,2025-03-05T10:00:00Z,103,TOWER-HIST-06,OUTGOING,VOICE
CDR-RECYCLE-26225-0674,+91-9810011223,+91-9166439310,2025-06-21T10:00:00Z,51,TOWER-HIST-03,OUTGOING,VOICE
CDR-RECYCLE-26225-0675,+91-9810011223,+91-9180237934,2025-06-18T10:00:00Z,114,TOWER-HIST-10,OUTGOING,VOICE
CDR-RECYCLE-26225-0676,+91-9810011223,+91-9138146431,2025-06-23T10:00:00Z,32,TOWER-HIST-05,OUTGOING,VOICE
CDR-RECYCLE-26225-0677,+91-9810011223,+91-9185222610,2025-06-26T10:00:00Z,40,TOWER-HIST-06,OUTGOING,VOICE
CDR-RECYCLE-26225-0678,+91-9810011223,+91-9176187916,2025-02-04T10:00:00Z,79,TOWER-HIST-01,OUTGOING,VOICE
CDR-RECYCLE-26225-0679,+91-9810011223,+91-9118213392,2025-04-10T10:00:00Z,109,TOWER-HIST-01,OUTGOING,VOICE
CDR-RECYCLE-26225-0680,+91-9810011223,+91-9114179917,2025-02-08T10:00:00Z,42,TOWER-HIST-09,OUTGOING,VOICE
CDR-RECYCLE-26225-0681,+91-9810011223,+91-9179593148,2025-06-16T10:00:00Z,109,TOWER-HIST-10,OUTGOING,VOICE
CDR-RECYCLE-26225-0682,+91-9810011223,+91-9118451905,2025-01-25T10:00:00Z,137,TOWER-HIST-04,OUTGOING,VOICE
CDR-RECYCLE-26225-0683,+91-9810011223,+91-9121856577,2025-03-20T10:00:00Z,29,TOWER-HIST-01,OUTGOING,VOICE
CDR-RECYCLE-26225-0684,+91-9810011223,+91-9116482922,2025-02-25T10:00:00Z,171,TOWER-HIST-05,OUTGOING,VOICE
CDR-RECYCLE-26225-0685,+91-9810011223,+91-9105381438,2025-02-01T10:00:00Z,89,TOWER-HIST-02,OUTGOING,VOICE
CDR-RECYCLE-26225-0686,+91-9810011223,+91-9131203815,2025-02-03T10:00:00Z,128,TOWER-HIST-04,OUTGOING,VOICE
CDR-RECYCLE-26225-0687,+91-9810011223,+91-9132649544,2025-02-16T10:00:00Z,76,TOWER-HIST-05,OUTGOING,VOICE
CDR-RECYCLE-26225-0688,+91-9810011223,+91-9194886582,2025-02-05T10:00:00Z,32,TOWER-HIST-08,OUTGOING,VOICE
CDR-RECYCLE-26225-0689,+91-9810011223,+91-9118955266,2025-02-20T10:00:00Z,166,TOWER-HIST-02,OUTGOING,VOICE
CDR-RECYCLE-26225-0690,+91-9810011223,+91-9187232185,2025-03-24T10:00:00Z,167,TOWER-HIST-02,OUTGOING,VOICE
CDR-RECYCLE-26225-0691,+91-9810011223,+91-9143980338,2025-01-24T10:00:00Z,153,TOWER-HIST-01,OUTGOING,VOICE
CDR-RECYCLE-26225-0692,+91-9810011223,+91-9154238700,2025-03-08T10:00:00Z,113,TOWER-HIST-02,OUTGOING,VOICE
CDR-RECYCLE-26225-0693,+91-9810011223,+91-9191628175,2025-05-03T10:00:00Z,36,TOWER-HIST-08,OUTGOING,VOICE
CDR-RECYCLE-26225-0694,+91-9810011223,+91-9145115164,2025-01-03T10:00:00Z,114,TOWER-HIST-02,OUTGOING,VOICE
CDR-RECYCLE-26225-0695,+91-9810011223,+91-9141006296,2025-01-04T10:00:00Z,60,TOWER-HIST-04,OUTGOING,VOICE
CDR-RECYCLE-26225-0696,+91-9810011223,+91-9177396871,2025-02-08T10:00:00Z,160,TOWER-HIST-06,OUTGOING,VOICE
CDR-RECYCLE-26225-0697,+91-9810011223,+91-9142844225,2025-06-06T10:00:00Z,46,TOWER-HIST-09,OUTGOING,VOICE
CDR-RECYCLE-26225-0698,+91-9810011223,+91-9198185280,2025-03-23T10:00:00Z,101,TOWER-HIST-07,OUTGOING,VOICE
CDR-RECYCLE-26225-0699,+91-9810011223,+91-9181289926,2025-03-27T10:00:00Z,140,TOWER-HIST-10,OUTGOING,VOICE
CDR-RECYCLE-26225-0700,+91-9810011223,+91-9146165183,2025-02-15T10:00:00Z,46,TOWER-HIST-08,OUTGOING,VOICE
CDR-RECYCLE-26225-0701,+91-9810011223,+91-9105064826,2025-04-02T10:00:00Z,106,TOWER-HIST-03,OUTGOING,VOICE
CDR-RECYCLE-26225-0702,+91-9810011223,+91-9197713393,2025-03-13T10:00:00Z,86,TOWER-HIST-05,OUTGOING,VOICE
CDR-RECYCLE-26225-0703,+91-9810011223,+91-9128889461,2025-04-20T10:00:00Z,25,TOWER-HIST-10,OUTGOING,VOICE
CDR-RECYCLE-26225-0704,+91-9810011223,+91-9128611795,2025-04-21T10:00:00Z,18,TOWER-HIST-10,OUTGOING,VOICE
CDR-RECYCLE-26225-0705,+91-9810011223,+91-9199077000,2025-06-27T10:00:00Z,108,TOWER-HIST-06,OUTGOING,VOICE
CDR-RECYCLE-26225-0706,+91-9810011223,+91-9154454545,2025-05-17T10:00:00Z,123,TOWER-HIST-06,OUTGOING,VOICE
CDR-RECYCLE-26225-0707,+91-9810011223,+91-9154293725,2025-06-14T10:00:00Z,141,TOWER-HIST-04,OUTGOING,VOICE
CDR-RECYCLE-26225-0708,+91-9810011223,+91-9172652902,2025-02-10T10:00:00Z,74,TOWER-HIST-07,OUTGOING,VOICE
CDR-RECYCLE-26225-0709,+91-9810011223,+91-9158525317,2025-01-11T10:00:00Z,64,TOWER-HIST-04,OUTGOING,VOICE
CDR-RECYCLE-26225-0710,+91-9810011223,+91-9110812724,2025-05-12T10:00:00Z,134,TOWER-HIST-09,OUTGOING,VOICE
CDR-RECYCLE-26225-0711,+91-9810011223,+91-9153591074,2025-02-26T10:00:00Z,47,TOWER-HIST-09,OUTGOING,VOICE
CDR-RECYCLE-26225-0712,+91-9810011223,+91-9133860846,2025-05-15T10:00:00Z,95,TOWER-HIST-05,OUTGOING,VOICE
CDR-RECYCLE-26225-0713,+91-9810011223,+91-9175841369,2025-04-18T10:00:00Z,131,TOWER-HIST-06,OUTGOING,VOICE
CDR-RECYCLE-26225-0714,+91-9810011223,+91-9125486140,2025-04-03T10:00:00Z,73,TOWER-HIST-05,OUTGOING,VOICE
CDR-RECYCLE-26225-0715,+91-9810011223,+91-9106551700,2025-06-18T10:00:00Z,150,TOWER-HIST-03,OUTGOING,VOICE
CDR-RECYCLE-26225-0716,+91-9810011223,+91-9165156118,2025-05-09T10:00:00Z,150,TOWER-HIST-02,OUTGOING,VOICE
CDR-RECYCLE-26225-0717,+91-9810011223,+91-9188790400,2025-01-16T10:00:00Z,81,TOWER-HIST-06,OUTGOING,VOICE
CDR-RECYCLE-26225-0718,+91-9810011223,+91-9101990772,2025-05-17T10:00:00Z,96,TOWER-HIST-01,OUTGOING,VOICE
CDR-RECYCLE-26225-0719,+91-9810011223,+91-9176741161,2025-06-10T10:00:00Z,22,TOWER-HIST-10,OUTGOING,VOICE
CDR-RECYCLE-26225-0720,+91-9810011223,+91-9138305841,2025-04-16T10:00:00Z,128,TOWER-HIST-03,OUTGOING,VOICE
CDR-RECYCLE-26225-0721,+91-9810011223,+91-9137076143,2025-05-17T10:00:00Z,114,TOWER-HIST-07,OUTGOING,VOICE
CDR-RECYCLE-26225-0722,+91-9810011223,+91-9197107774,2025-05-20T10:00:00Z,47,TOWER-HIST-06,OUTGOING,VOICE
CDR-RECYCLE-26225-0723,+91-9810011223,+91-9161633855,2025-06-09T10:00:00Z,35,TOWER-HIST-08,OUTGOING,VOICE
CDR-RECYCLE-26225-0724,+91-9810011223,+91-9128095472,2025-04-10T10:00:00Z,19,TOWER-HIST-04,OUTGOING,VOICE
CDR-RECYCLE-26225-0725,+91-9810011223,+91-9133085550,2025-02-25T10:00:00Z,114,TOWER-HIST-10,OUTGOING,VOICE
CDR-RECYCLE-26225-0726,+91-9810011223,+91-9177050843,2025-02-14T10:00:00Z,37,TOWER-HIST-10,OUTGOING,VOICE
CDR-RECYCLE-26225-0727,+91-9810011223,+91-9108975639,2025-03-11T10:00:00Z,158,TOWER-HIST-08,OUTGOING,VOICE
CDR-RECYCLE-26225-0728,+91-9810011223,+91-9137230209,2025-01-14T10:00:00Z,58,TOWER-HIST-08,OUTGOING,VOICE
CDR-RECYCLE-26225-0729,+91-9810011223,+91-9192794061,2025-06-15T10:00:00Z,99,TOWER-HIST-04,OUTGOING,VOICE
CDR-RECYCLE-26225-0730,+91-9810011223,+91-9136878272,2025-05-15T10:00:00Z,120,TOWER-HIST-06,OUTGOING,VOICE
CDR-RECYCLE-26225-0731,+91-9810011223,+91-9130636055,2025-06-11T10:00:00Z,147,TOWER-HIST-09,OUTGOING,VOICE
CDR-RECYCLE-26225-0732,+91-9810011223,+91-9192645047,2025-06-16T10:00:00Z,145,TOWER-HIST-02,OUTGOING,VOICE
CDR-RECYCLE-26225-0733,+91-9810011223,+91-9129183734,2025-03-14T10:00:00Z,120,TOWER-HIST-03,OUTGOING,VOICE
CDR-RECYCLE-26225-0734,+91-9810011223,+91-9173169418,2025-06-26T10:00:00Z,83,TOWER-HIST-04,OUTGOING,VOICE
CDR-RECYCLE-26225-0735,+91-9810011223,+91-9174142623,2025-02-17T10:00:00Z,82,TOWER-HIST-06,OUTGOING,VOICE
CDR-RECYCLE-26225-0736,+91-9810011223,+91-9130691712,2025-06-20T10:00:00Z,136,TOWER-HIST-07,OUTGOING,VOICE
CDR-RECYCLE-26225-0737,+91-9810011223,+91-9180186168,2025-02-02T10:00:00Z,87,TOWER-HIST-08,OUTGOING,VOICE
CDR-RECYCLE-26225-0738,+91-9810011223,+91-9125368191,2025-05-27T10:00:00Z,83,TOWER-HIST-04,OUTGOING,VOICE
CDR-RECYCLE-26225-0739,+91-9810011223,+91-9189711180,2025-05-02T10:00:00Z,45,TOWER-HIST-04,OUTGOING,VOICE
CDR-RECYCLE-26225-0740,+91-9810011223,+91-9196000484,2025-02-01T10:00:00Z,15,TOWER-HIST-04,OUTGOING,VOICE
CDR-RECYCLE-26225-0741,+91-9810011223,+91-9174570241,2025-05-11T10:00:00Z,144,TOWER-HIST-07,OUTGOING,VOICE
CDR-RECYCLE-26225-0742,+91-9810011223,+91-9142778731,2025-06-15T10:00:00Z,23,TOWER-HIST-07,OUTGOING,VOICE
CDR-RECYCLE-26225-0743,+91-9810011223,+91-9123064595,2025-03-04T10:00:00Z,67,TOWER-HIST-07,OUTGOING,VOICE
CDR-RECYCLE-26225-0744,+91-9810011223,+91-9186316943,2025-05-25T10:00:00Z,150,TOWER-HIST-02,OUTGOING,VOICE
CDR-RECYCLE-26225-0745,+91-9810011223,+91-9106226735,2025-06-20T10:00:00Z,117,TOWER-HIST-06,OUTGOING,VOICE
CDR-RECYCLE-26225-0746,+91-9810011223,+91-9194527803,2025-03-25T10:00:00Z,49,TOWER-HIST-01,OUTGOING,VOICE
CDR-RECYCLE-26225-0747,+91-9810011223,+91-9122461749,2025-03-28T10:00:00Z,24,TOWER-HIST-03,OUTGOING,VOICE
CDR-RECYCLE-26225-0748,+91-9810011223,+91-9141841588,2025-06-19T10:00:00Z,153,TOWER-HIST-05,OUTGOING,VOICE
CDR-RECYCLE-26225-0749,+91-9810011223,+91-9199322802,2025-06-15T10:00:00Z,114,TOWER-HIST-10,OUTGOING,VOICE
CDR-RECYCLE-26225-0750,+91-9810011223,+91-9118045999,2025-02-28T10:00:00Z,66,TOWER-HIST-08,OUTGOING,VOICE
CDR-RECYCLE-26225-0751,+91-9810011223,+91-9184012140,2025-01-05T10:00:00Z,157,TOWER-HIST-08,OUTGOING,VOICE
CDR-RECYCLE-26225-0752,+91-9810011223,+91-9132290707,2025-04-16T10:00:00Z,67,TOWER-HIST-01,OUTGOING,VOICE
CDR-RECYCLE-26225-0753,+91-9810011223,+91-9121474329,2025-04-06T10:00:00Z,23,TOWER-HIST-04,OUTGOING,VOICE
CDR-RECYCLE-26225-0754,+91-9810011223,+91-9181833843,2025-02-20T10:00:00Z,91,TOWER-HIST-10,OUTGOING,VOICE
CDR-RECYCLE-26225-0755,+91-9810011223,+91-9127305530,2025-01-15T10:00:00Z,153,TOWER-HIST-10,OUTGOING,VOICE
CDR-RECYCLE-26225-0756,+91-9810011223,+91-9156735376,2025-03-04T10:00:00Z,176,TOWER-HIST-09,OUTGOING,VOICE
CDR-RECYCLE-26225-0757,+91-9810011223,+91-9138554034,2025-05-13T10:00:00Z,64,TOWER-HIST-08,OUTGOING,VOICE
CDR-RECYCLE-26225-0758,+91-9810011223,+91-9114881240,2025-03-06T10:00:00Z,74,TOWER-HIST-06,OUTGOING,VOICE
CDR-RECYCLE-26225-0759,+91-9810011223,+91-9197112639,2025-04-21T10:00:00Z,130,TOWER-HIST-04,OUTGOING,VOICE
CDR-RECYCLE-26225-0760,+91-9810011223,+91-9153547961,2025-04-08T10:00:00Z,154,TOWER-HIST-02,OUTGOING,VOICE
CDR-RECYCLE-26225-0761,+91-9810011223,+91-9101333647,2025-04-19T10:00:00Z,16,TOWER-HIST-05,OUTGOING,VOICE
CDR-RECYCLE-26225-0762,+91-9810011223,+91-9174868553,2025-05-15T10:00:00Z,122,TOWER-HIST-02,OUTGOING,VOICE
CDR-RECYCLE-26225-0763,+91-9810011223,+91-9137901301,2025-01-24T10:00:00Z,122,TOWER-HIST-02,OUTGOING,VOICE
CDR-RECYCLE-26225-0764,+91-9810011223,+91-9161220846,2025-03-12T10:00:00Z,115,TOWER-HIST-06,OUTGOING,VOICE
CDR-RECYCLE-26225-0765,+91-9810011223,+91-9115540273,2025-06-01T10:00:00Z,128,TOWER-HIST-07,OUTGOING,VOICE
CDR-RECYCLE-26225-0766,+91-9810011223,+91-9152723196,2025-03-12T10:00:00Z,32,TOWER-HIST-01,OUTGOING,VOICE
CDR-RECYCLE-26225-0767,+91-9810011223,+91-9141633536,2025-04-03T10:00:00Z,135,TOWER-HIST-09,OUTGOING,VOICE
CDR-RECYCLE-26225-0768,+91-9810011223,+91-9122911131,2025-05-01T10:00:00Z,84,TOWER-HIST-03,OUTGOING,VOICE
CDR-RECYCLE-26225-0769,+91-9810011223,+91-9199029592,2025-01-20T10:00:00Z,38,TOWER-HIST-09,OUTGOING,VOICE
CDR-RECYCLE-26225-0770,+91-9810011223,+91-9186899336,2025-02-05T10:00:00Z,76,TOWER-HIST-10,OUTGOING,VOICE
CDR-RECYCLE-26225-0771,+91-9810011223,+91-9120694729,2025-06-28T10:00:00Z,75,TOWER-HIST-08,OUTGOING,VOICE
CDR-RECYCLE-26225-0772,+91-9810011223,+91-9186566227,2025-03-12T10:00:00Z,63,TOWER-HIST-05,OUTGOING,VOICE
CDR-RECYCLE-26225-0773,+91-9810011223,+91-9123097579,2025-03-19T10:00:00Z,99,TOWER-HIST-09,OUTGOING,VOICE
CDR-RECYCLE-26225-0774,+91-9810011223,+91-9117792121,2025-03-11T10:00:00Z,71,TOWER-HIST-09,OUTGOING,VOICE
CDR-RECYCLE-26225-0775,+91-9810011223,+91-9106089468,2025-02-08T10:00:00Z,177,TOWER-HIST-09,OUTGOING,VOICE
CDR-RECYCLE-26225-0776,+91-9810011223,+91-9175810303,2025-02-16T10:00:00Z,24,TOWER-HIST-06,OUTGOING,VOICE
CDR-RECYCLE-26225-0777,+91-9810011223,+91-9144871466,2025-04-04T10:00:00Z,147,TOWER-HIST-08,OUTGOING,VOICE
CDR-RECYCLE-26225-0778,+91-9810011223,+91-9169175693,2025-05-27T10:00:00Z,86,TOWER-HIST-03,OUTGOING,VOICE
CDR-RECYCLE-26225-0779,+91-9810011223,+91-9118527725,2025-01-25T10:00:00Z,62,TOWER-HIST-09,OUTGOING,VOICE
CDR-RECYCLE-26225-0780,+91-9810011223,+91-9145048521,2025-01-01T10:00:00Z,39,TOWER-HIST-09,OUTGOING,VOICE
CDR-RECYCLE-26225-0781,+91-9810011223,+91-9170598994,2025-01-09T10:00:00Z,144,TOWER-HIST-05,OUTGOING,VOICE
CDR-RECYCLE-26225-0782,+91-9810011223,+91-9146713997,2025-04-11T10:00:00Z,144,TOWER-HIST-07,OUTGOING,VOICE
CDR-RECYCLE-26225-0783,+91-9810011223,+91-9141153465,2025-01-28T10:00:00Z,180,TOWER-HIST-06,OUTGOING,VOICE
CDR-RECYCLE-26225-0784,+91-9810011223,+91-9169287846,2025-06-25T10:00:00Z,97,TOWER-HIST-03,OUTGOING,VOICE
CDR-RECYCLE-26225-0785,+91-9810011223,+91-9156410664,2025-05-10T10:00:00Z,25,TOWER-HIST-07,OUTGOING,VOICE
CDR-RECYCLE-26225-0786,+91-9810011223,+91-9119518138,2025-02-11T10:00:00Z,83,TOWER-HIST-02,OUTGOING,VOICE
CDR-RECYCLE-26225-0787,+91-9810011223,+91-9184602437,2025-06-05T10:00:00Z,35,TOWER-HIST-02,OUTGOING,VOICE
CDR-RECYCLE-26225-0788,+91-9810011223,+91-9158871289,2025-04-10T10:00:00Z,78,TOWER-HIST-04,OUTGOING,VOICE
CDR-RECYCLE-26225-0789,+91-9810011223,+91-9198083477,2025-03-09T10:00:00Z,138,TOWER-HIST-08,OUTGOING,VOICE
CDR-RECYCLE-26225-0790,+91-9810011223,+91-9183170084,2025-05-09T10:00:00Z,102,TOWER-HIST-06,OUTGOING,VOICE
CDR-RECYCLE-26225-0791,+91-9810011223,+91-9171645634,2025-01-04T10:00:00Z,73,TOWER-HIST-09,OUTGOING,VOICE
CDR-RECYCLE-26225-0792,+91-9810011223,+91-9120339562,2025-01-24T10:00:00Z,172,TOWER-HIST-03,OUTGOING,VOICE
CDR-RECYCLE-26225-0793,+91-9810011223,+91-9102763922,2025-06-12T10:00:00Z,172,TOWER-HIST-06,OUTGOING,VOICE
CDR-RECYCLE-26225-0794,+91-9810011223,+91-9115220018,2025-03-16T10:00:00Z,102,TOWER-HIST-06,OUTGOING,VOICE
CDR-RECYCLE-26225-0795,+91-9810011223,+91-9157676095,2025-04-15T10:00:00Z,37,TOWER-HIST-02,OUTGOING,VOICE
CDR-RECYCLE-26225-0796,+91-9810011223,+91-9184698006,2025-05-02T10:00:00Z,69,TOWER-HIST-07,OUTGOING,VOICE
CDR-RECYCLE-26225-0797,+91-9810011223,+91-9104436331,2025-06-04T10:00:00Z,26,TOWER-HIST-08,OUTGOING,VOICE
CDR-RECYCLE-26225-0798,+91-9810011223,+91-9163024307,2025-04-24T10:00:00Z,163,TOWER-HIST-05,OUTGOING,VOICE
CDR-RECYCLE-26225-0799,+91-9810011223,+91-9174941696,2025-06-05T10:00:00Z,26,TOWER-HIST-09,OUTGOING,VOICE
CDR-RECYCLE-26225-0800,+91-9810011223,+91-9138120010,2025-03-20T10:00:00Z,56,TOWER-HIST-04,OUTGOING,VOICE
CDR-RECYCLE-26225-0801,+91-9810011223,+91-9181793519,2025-05-18T10:00:00Z,40,TOWER-HIST-05,OUTGOING,VOICE
CDR-RECYCLE-26225-0802,+91-9810011223,+91-9111068201,2025-04-14T10:00:00Z,34,TOWER-HIST-03,OUTGOING,VOICE
CDR-RECYCLE-26225-0803,+91-9810011223,+91-9167298209,2025-05-18T10:00:00Z,50,TOWER-HIST-08,OUTGOING,VOICE
CDR-RECYCLE-26225-0804,+91-9810011223,+91-9180231086,2025-01-21T10:00:00Z,71,TOWER-HIST-01,OUTGOING,VOICE
CDR-RECYCLE-26225-0805,+91-9810011223,+91-9112040714,2025-02-24T10:00:00Z,21,TOWER-HIST-07,OUTGOING,VOICE
CDR-RECYCLE-26225-0806,+91-9810011223,+91-9131660490,2025-05-22T10:00:00Z,95,TOWER-HIST-06,OUTGOING,VOICE
CDR-RECYCLE-26225-0807,+91-9810011223,+91-9176157504,2025-02-02T10:00:00Z,41,TOWER-HIST-02,OUTGOING,VOICE
CDR-RECYCLE-26225-0808,+91-9810011223,+91-9181912521,2025-01-14T10:00:00Z,91,TOWER-HIST-04,OUTGOING,VOICE
CDR-RECYCLE-26225-0809,+91-9810011223,+91-9133060715,2025-02-18T10:00:00Z,77,TOWER-HIST-10,OUTGOING,VOICE
CDR-RECYCLE-26225-0810,+91-9810011223,+91-9112067147,2025-03-02T10:00:00Z,124,TOWER-HIST-07,OUTGOING,VOICE
CDR-RECYCLE-26225-0811,+91-9810011223,+91-9138467840,2025-06-23T10:00:00Z,177,TOWER-HIST-05,OUTGOING,VOICE
CDR-RECYCLE-26225-0812,+91-9810011223,+91-9110724081,2025-01-25T10:00:00Z,176,TOWER-HIST-05,OUTGOING,VOICE
CDR-RECYCLE-26225-0813,+91-9810011223,+91-9122847663,2025-06-22T10:00:00Z,115,TOWER-HIST-03,OUTGOING,VOICE
CDR-RECYCLE-26225-0814,+91-9810011223,+91-9129373271,2025-01-22T10:00:00Z,161,TOWER-HIST-05,OUTGOING,VOICE
CDR-RECYCLE-26225-0815,+91-9810011223,+91-9118312037,2025-03-24T10:00:00Z,49,TOWER-HIST-03,OUTGOING,VOICE
CDR-RECYCLE-26225-0816,+91-9810011223,+91-9181072308,2025-02-23T10:00:00Z,37,TOWER-HIST-02,OUTGOING,VOICE
CDR-RECYCLE-26225-0817,+91-9810011223,+91-9169952581,2025-04-04T10:00:00Z,65,TOWER-HIST-10,OUTGOING,VOICE
CDR-RECYCLE-26225-0818,+91-9810011223,+91-9119497287,2025-01-03T10:00:00Z,31,TOWER-HIST-06,OUTGOING,VOICE
CDR-RECYCLE-26225-0819,+91-9810011223,+91-9177721045,2025-02-13T10:00:00Z,144,TOWER-HIST-10,OUTGOING,VOICE
CDR-RECYCLE-26225-0820,+91-9810011223,+91-9128235827,2025-05-16T10:00:00Z,164,TOWER-HIST-04,OUTGOING,VOICE
CDR-RECYCLE-26225-0821,+91-9810011223,+91-9173863547,2025-02-02T10:00:00Z,28,TOWER-HIST-06,OUTGOING,VOICE
CDR-RECYCLE-26225-0822,+91-9810011223,+91-9184238077,2025-02-24T10:00:00Z,91,TOWER-HIST-09,OUTGOING,VOICE
CDR-RECYCLE-26225-0823,+91-9810011223,+91-9101873117,2025-04-05T10:00:00Z,105,TOWER-HIST-10,OUTGOING,VOICE
CDR-RECYCLE-26225-0824,+91-9810011223,+91-9134899532,2025-06-21T10:00:00Z,37,TOWER-HIST-01,OUTGOING,VOICE
CDR-RECYCLE-26225-0825,+91-9810011223,+91-9107565217,2025-02-27T10:00:00Z,108,TOWER-HIST-06,OUTGOING,VOICE
CDR-RECYCLE-26225-0826,+91-9810011223,+91-9128241563,2025-02-02T10:00:00Z,165,TOWER-HIST-02,OUTGOING,VOICE
CDR-RECYCLE-26225-0827,+91-9810011223,+91-9149821517,2025-04-08T10:00:00Z,64,TOWER-HIST-01,OUTGOING,VOICE
CDR-RECYCLE-26225-0828,+91-9810011223,+91-9136758330,2025-03-10T10:00:00Z,37,TOWER-HIST-06,OUTGOING,VOICE
CDR-RECYCLE-26225-0829,+91-9810011223,+91-9173111662,2025-01-08T10:00:00Z,70,TOWER-HIST-07,OUTGOING,VOICE
CDR-RECYCLE-26225-0830,+91-9810011223,+91-9113059763,2025-02-01T10:00:00Z,65,TOWER-HIST-07,OUTGOING,VOICE
CDR-RECYCLE-26225-0831,+91-9810011223,+91-9158681731,2025-03-10T10:00:00Z,57,TOWER-HIST-03,OUTGOING,VOICE
CDR-RECYCLE-26225-0832,+91-9810011223,+91-9166455599,2025-01-26T10:00:00Z,155,TOWER-HIST-10,OUTGOING,VOICE
CDR-RECYCLE-26225-0833,+91-9810011223,+91-9138834383,2025-05-14T10:00:00Z,23,TOWER-HIST-05,OUTGOING,VOICE
CDR-RECYCLE-26225-0834,+91-9810011223,+91-9199624863,2025-06-17T10:00:00Z,104,TOWER-HIST-08,OUTGOING,VOICE
CDR-RECYCLE-26225-0835,+91-9810011223,+91-9182479611,2025-02-20T10:00:00Z,25,TOWER-HIST-03,OUTGOING,VOICE
CDR-RECYCLE-26225-0836,+91-9810011223,+91-9130173958,2025-02-17T10:00:00Z,166,TOWER-HIST-02,OUTGOING,VOICE
CDR-RECYCLE-26225-0837,+91-9810011223,+91-9178824143,2025-01-15T10:00:00Z,17,TOWER-HIST-05,OUTGOING,VOICE
CDR-RECYCLE-26225-0838,+91-9810011223,+91-9135228041,2025-02-16T10:00:00Z,79,TOWER-HIST-01,OUTGOING,VOICE
CDR-RECYCLE-26225-0839,+91-9810011223,+91-9154715123,2025-02-10T10:00:00Z,94,TOWER-HIST-01,OUTGOING,VOICE
CDR-RECYCLE-26225-0840,+91-9810011223,+91-9143487161,2025-01-12T10:00:00Z,70,TOWER-HIST-09,OUTGOING,VOICE
CDR-RECYCLE-26225-0841,+91-9810011223,+91-9107807221,2025-04-20T10:00:00Z,113,TOWER-HIST-05,OUTGOING,VOICE
CDR-RECYCLE-26225-0842,+91-9810011223,+91-9141978665,2025-05-27T10:00:00Z,55,TOWER-HIST-01,OUTGOING,VOICE
CDR-RECYCLE-26225-0843,+91-9810011223,+91-9154888111,2025-05-17T10:00:00Z,130,TOWER-HIST-02,OUTGOING,VOICE
CDR-RECYCLE-26225-0844,+91-9810011223,+91-9145021412,2025-03-06T10:00:00Z,140,TOWER-HIST-09,OUTGOING,VOICE
CDR-RECYCLE-26225-0845,+91-9810011223,+91-9174602080,2025-04-18T10:00:00Z,116,TOWER-HIST-05,OUTGOING,VOICE
CDR-RECYCLE-26225-0846,+91-9810011223,+91-9138893111,2025-02-20T10:00:00Z,75,TOWER-HIST-09,OUTGOING,VOICE
CDR-RECYCLE-26225-0847,+91-9810011223,+91-9104322627,2025-06-25T10:00:00Z,127,TOWER-HIST-01,OUTGOING,VOICE
CDR-RECYCLE-26225-0848,+91-9810011223,+91-9180625662,2025-06-07T10:00:00Z,105,TOWER-HIST-10,OUTGOING,VOICE
CDR-RECYCLE-26225-0849,+91-9810011223,+91-9182479068,2025-06-16T10:00:00Z,95,TOWER-HIST-06,OUTGOING,VOICE
CDR-RECYCLE-26225-0850,+91-9810011223,+91-9159970394,2025-01-21T10:00:00Z,122,TOWER-HIST-07,OUTGOING,VOICE
CDR-RECYCLE-26225-0851,+91-9810011223,+91-9168460383,2025-04-26T10:00:00Z,39,TOWER-HIST-09,OUTGOING,VOICE
CDR-RECYCLE-26225-0852,+91-9810011223,+91-9146930203,2025-05-14T10:00:00Z,137,TOWER-HIST-06,OUTGOING,VOICE
CDR-RECYCLE-26225-0853,+91-9810011223,+91-9126438592,2025-02-26T10:00:00Z,159,TOWER-HIST-03,OUTGOING,VOICE
CDR-RECYCLE-26225-0854,+91-9810011223,+91-9169700698,2025-03-05T10:00:00Z,153,TOWER-HIST-07,OUTGOING,VOICE
CDR-RECYCLE-26225-0855,+91-9810011223,+91-9126159303,2025-01-11T10:00:00Z,34,TOWER-HIST-09,OUTGOING,VOICE
CDR-RECYCLE-26225-0856,+91-9810011223,+91-9170427956,2025-06-17T10:00:00Z,64,TOWER-HIST-06,OUTGOING,VOICE
CDR-RECYCLE-26225-0857,+91-9810011223,+91-9183896922,2025-06-13T10:00:00Z,52,TOWER-HIST-09,OUTGOING,VOICE
CDR-RECYCLE-26225-0858,+91-9810011223,+91-9190359360,2025-06-14T10:00:00Z,97,TOWER-HIST-09,OUTGOING,VOICE
CDR-RECYCLE-26225-0859,+91-9810011223,+91-9144142034,2025-01-27T10:00:00Z,52,TOWER-HIST-02,OUTGOING,VOICE
CDR-RECYCLE-26225-0860,+91-9810011223,+91-9131977477,2025-05-10T10:00:00Z,90,TOWER-HIST-08,OUTGOING,VOICE
CDR-RECYCLE-26225-0861,+91-9810011223,+91-9191055882,2025-03-01T10:00:00Z,99,TOWER-HIST-08,OUTGOING,VOICE
CDR-RECYCLE-26225-0862,+91-9810011223,+91-9128263060,2025-04-05T10:00:00Z,176,TOWER-HIST-01,OUTGOING,VOICE
CDR-RECYCLE-26225-0863,+91-9810011223,+91-9154341532,2025-03-04T10:00:00Z,84,TOWER-HIST-05,OUTGOING,VOICE
CDR-RECYCLE-26225-0864,+91-9810011223,+91-9168196537,2025-05-23T10:00:00Z,34,TOWER-HIST-08,OUTGOING,VOICE
CDR-RECYCLE-26225-0865,+91-9810011223,+91-9101439804,2025-01-07T10:00:00Z,60,TOWER-HIST-06,OUTGOING,VOICE
CDR-RECYCLE-26225-0866,+91-9810011223,+91-9171322662,2025-06-18T10:00:00Z,137,TOWER-HIST-04,OUTGOING,VOICE
CDR-RECYCLE-26225-0867,+91-9810011223,+91-9114390511,2025-04-11T10:00:00Z,84,TOWER-HIST-10,OUTGOING,VOICE
CDR-RECYCLE-26225-0868,+91-9810011223,+91-9158532651,2025-03-07T10:00:00Z,166,TOWER-HIST-08,OUTGOING,VOICE
CDR-RECYCLE-26225-0869,+91-9810011223,+91-9179900072,2025-06-07T10:00:00Z,16,TOWER-HIST-09,OUTGOING,VOICE
CDR-RECYCLE-26225-0870,+91-9810011223,+91-9188146165,2025-01-07T10:00:00Z,70,TOWER-HIST-09,OUTGOING,VOICE
CDR-RECYCLE-26225-0871,+91-9810011223,+91-9125771715,2025-01-09T10:00:00Z,73,TOWER-HIST-02,OUTGOING,VOICE
CDR-RECYCLE-26225-0872,+91-9810011223,+91-9135831517,2025-01-21T10:00:00Z,176,TOWER-HIST-10,OUTGOING,VOICE
CDR-RECYCLE-26225-0873,+91-9810011223,+91-9157620790,2025-02-09T10:00:00Z,47,TOWER-HIST-03,OUTGOING,VOICE
CDR-RECYCLE-26225-0874,+91-9810011223,+91-9184683597,2025-02-27T10:00:00Z,111,TOWER-HIST-06,OUTGOING,VOICE
CDR-RECYCLE-26225-0875,+91-9810011223,+91-9105943454,2025-04-06T10:00:00Z,32,TOWER-HIST-05,OUTGOING,VOICE
CDR-RECYCLE-26225-0876,+91-9810011223,+91-9128830269,2025-05-07T10:00:00Z,119,TOWER-HIST-06,OUTGOING,VOICE
CDR-RECYCLE-26225-0877,+91-9810011223,+91-9132866453,2025-04-07T10:00:00Z,147,TOWER-HIST-02,OUTGOING,VOICE
CDR-RECYCLE-26225-0878,+91-9810011223,+91-9172193004,2025-01-04T10:00:00Z,50,TOWER-HIST-07,OUTGOING,VOICE
CDR-RECYCLE-26225-0879,+91-9810011223,+91-9188256122,2025-02-11T10:00:00Z,30,TOWER-HIST-07,OUTGOING,VOICE
CDR-RECYCLE-26225-0880,+91-9810011223,+91-9109141463,2025-01-26T10:00:00Z,68,TOWER-HIST-10,OUTGOING,VOICE
CDR-RECYCLE-26225-0881,+91-9810011223,+91-9168534435,2025-02-13T10:00:00Z,97,TOWER-HIST-01,OUTGOING,VOICE
CDR-RECYCLE-26225-0882,+91-9810011223,+91-9126314114,2025-02-10T10:00:00Z,63,TOWER-HIST-02,OUTGOING,VOICE
CDR-RECYCLE-26225-0883,+91-9810011223,+91-9142484287,2025-04-05T10:00:00Z,175,TOWER-HIST-09,OUTGOING,VOICE
CDR-RECYCLE-26225-0884,+91-9810011223,+91-9183234465,2025-02-28T10:00:00Z,101,TOWER-HIST-06,OUTGOING,VOICE
CDR-RECYCLE-26225-0885,+91-9810011223,+91-9174672852,2025-05-20T10:00:00Z,55,TOWER-HIST-08,OUTGOING,VOICE
CDR-RECYCLE-26225-0886,+91-9810011223,+91-9149810488,2025-01-06T10:00:00Z,15,TOWER-HIST-02,OUTGOING,VOICE
CDR-RECYCLE-26225-0887,+91-9810011223,+91-9194363990,2025-04-15T10:00:00Z,119,TOWER-HIST-02,OUTGOING,VOICE
CDR-RECYCLE-26225-0888,+91-9810011223,+91-9184408018,2025-02-16T10:00:00Z,109,TOWER-HIST-01,OUTGOING,VOICE
CDR-RECYCLE-26225-0889,+91-9810011223,+91-9181038415,2025-05-09T10:00:00Z,85,TOWER-HIST-09,OUTGOING,VOICE
CDR-RECYCLE-26225-0890,+91-9810011223,+91-9138782801,2025-03-13T10:00:00Z,40,TOWER-HIST-08,OUTGOING,VOICE
CDR-RECYCLE-26225-0891,+91-9810011223,+91-9169218630,2025-05-11T10:00:00Z,147,TOWER-HIST-04,OUTGOING,VOICE
CDR-RECYCLE-26225-0892,+91-9810011223,+91-9111368694,2025-05-24T10:00:00Z,58,TOWER-HIST-01,OUTGOING,VOICE
CDR-RECYCLE-26225-0893,+91-9810011223,+91-9106070005,2025-04-20T10:00:00Z,122,TOWER-HIST-09,OUTGOING,VOICE
CDR-RECYCLE-26225-0894,+91-9810011223,+91-9169452754,2025-06-15T10:00:00Z,171,TOWER-HIST-03,OUTGOING,VOICE
CDR-RECYCLE-26225-0895,+91-9810011223,+91-9158470815,2025-06-23T10:00:00Z,32,TOWER-HIST-10,OUTGOING,VOICE
CDR-RECYCLE-26225-0896,+91-9810011223,+91-9110260170,2025-03-21T10:00:00Z,158,TOWER-HIST-09,OUTGOING,VOICE
CDR-RECYCLE-26225-0897,+91-9810011223,+91-9135724256,2025-03-19T10:00:00Z,121,TOWER-HIST-04,OUTGOING,VOICE
CDR-RECYCLE-26225-0898,+91-9810011223,+91-9193945216,2025-04-15T10:00:00Z,176,TOWER-HIST-02,OUTGOING,VOICE
CDR-RECYCLE-26225-0899,+91-9810011223,+91-9185048782,2025-02-11T10:00:00Z,175,TOWER-HIST-03,OUTGOING,VOICE
CDR-RECYCLE-26225-0900,+91-9810011223,+91-9102628968,2025-02-12T10:00:00Z,154,TOWER-HIST-04,OUTGOING,VOICE
CDR-RECYCLE-26225-0901,+91-9810011223,+91-9153812374,2025-06-11T10:00:00Z,143,TOWER-HIST-08,OUTGOING,VOICE
CDR-RECYCLE-26225-0902,+91-9810011223,+91-9121031495,2025-03-08T10:00:00Z,20,TOWER-HIST-08,OUTGOING,VOICE
CDR-RECYCLE-26225-0903,+91-9810011223,+91-9179520787,2025-01-04T10:00:00Z,78,TOWER-HIST-03,OUTGOING,VOICE
CDR-RECYCLE-26225-0904,+91-9810011223,+91-9171888457,2025-02-01T10:00:00Z,174,TOWER-HIST-06,OUTGOING,VOICE
CDR-RECYCLE-26225-0905,+91-9810011223,+91-9173943989,2025-01-27T10:00:00Z,115,TOWER-HIST-09,OUTGOING,VOICE
CDR-RECYCLE-26225-0906,+91-9810011223,+91-9120820950,2025-03-01T10:00:00Z,23,TOWER-HIST-05,OUTGOING,VOICE
CDR-RECYCLE-26225-0907,+91-9810011223,+91-9135675104,2025-02-22T10:00:00Z,167,TOWER-HIST-02,OUTGOING,VOICE
CDR-RECYCLE-26225-0908,+91-9810011223,+91-9191847396,2025-04-02T10:00:00Z,115,TOWER-HIST-08,OUTGOING,VOICE
CDR-RECYCLE-26225-0909,+91-9810011223,+91-9199239694,2025-04-28T10:00:00Z,127,TOWER-HIST-03,OUTGOING,VOICE
CDR-RECYCLE-26225-0910,+91-9810011223,+91-9197452050,2025-06-10T10:00:00Z,22,TOWER-HIST-02,OUTGOING,VOICE
CDR-RECYCLE-26225-0911,+91-9810011223,+91-9171360377,2025-06-04T10:00:00Z,146,TOWER-HIST-03,OUTGOING,VOICE
CDR-RECYCLE-26225-0912,+91-9810011223,+91-9123473694,2025-05-23T10:00:00Z,64,TOWER-HIST-06,OUTGOING,VOICE
CDR-RECYCLE-26225-0913,+91-9810011223,+91-9149811781,2025-06-11T10:00:00Z,121,TOWER-HIST-01,OUTGOING,VOICE
CDR-RECYCLE-26225-0914,+91-9810011223,+91-9172203544,2025-06-27T10:00:00Z,101,TOWER-HIST-05,OUTGOING,VOICE
CDR-RECYCLE-26225-0915,+91-9810011223,+91-9138074991,2025-05-07T10:00:00Z,63,TOWER-HIST-09,OUTGOING,VOICE
CDR-RECYCLE-26225-0916,+91-9810011223,+91-9108322983,2025-06-11T10:00:00Z,130,TOWER-HIST-07,OUTGOING,VOICE
CDR-RECYCLE-26225-0917,+91-9810011223,+91-9160742569,2025-04-11T10:00:00Z,29,TOWER-HIST-05,OUTGOING,VOICE
CDR-RECYCLE-26225-0918,+91-9810011223,+91-9142529296,2025-06-20T10:00:00Z,114,TOWER-HIST-01,OUTGOING,VOICE
CDR-RECYCLE-26225-0919,+91-9810011223,+91-9101368221,2025-02-20T10:00:00Z,76,TOWER-HIST-08,OUTGOING,VOICE
CDR-RECYCLE-26225-0920,+91-9810011223,+91-9149153586,2025-05-06T10:00:00Z,97,TOWER-HIST-01,OUTGOING,VOICE
CDR-RECYCLE-26225-0921,+91-9810011223,+91-9190728236,2025-04-09T10:00:00Z,69,TOWER-HIST-06,OUTGOING,VOICE
CDR-RECYCLE-26225-0922,+91-9810011223,+91-9185195019,2025-03-21T10:00:00Z,72,TOWER-HIST-06,OUTGOING,VOICE
CDR-RECYCLE-26225-0923,+91-9810011223,+91-9141540228,2025-02-04T10:00:00Z,67,TOWER-HIST-10,OUTGOING,VOICE
CDR-RECYCLE-26225-0924,+91-9810011223,+91-9124068341,2025-06-24T10:00:00Z,88,TOWER-HIST-04,OUTGOING,VOICE
CDR-RECYCLE-26225-0925,+91-9810011223,+91-9182226325,2025-05-16T10:00:00Z,69,TOWER-HIST-01,OUTGOING,VOICE
CDR-RECYCLE-26225-0926,+91-9810011223,+91-9123873667,2025-01-09T10:00:00Z,17,TOWER-HIST-03,OUTGOING,VOICE
CDR-RECYCLE-26225-0927,+91-9810011223,+91-9196009024,2025-05-16T10:00:00Z,92,TOWER-HIST-01,OUTGOING,VOICE
CDR-RECYCLE-26225-0928,+91-9810011223,+91-9191105509,2025-04-18T10:00:00Z,59,TOWER-HIST-05,OUTGOING,VOICE
CDR-RECYCLE-26225-0929,+91-9810011223,+91-9136539774,2025-06-03T10:00:00Z,71,TOWER-HIST-07,OUTGOING,VOICE
CDR-RECYCLE-26225-0930,+91-9810011223,+91-9175767688,2025-02-20T10:00:00Z,130,TOWER-HIST-03,OUTGOING,VOICE
CDR-RECYCLE-26225-0931,+91-9810011223,+91-9120613825,2025-06-02T10:00:00Z,88,TOWER-HIST-09,OUTGOING,VOICE
CDR-RECYCLE-26225-0932,+91-9810011223,+91-9128910982,2025-03-25T10:00:00Z,25,TOWER-HIST-06,OUTGOING,VOICE
CDR-RECYCLE-26225-0933,+91-9810011223,+91-9145313517,2025-04-20T10:00:00Z,41,TOWER-HIST-02,OUTGOING,VOICE
CDR-RECYCLE-26225-0934,+91-9810011223,+91-9175591686,2025-06-10T10:00:00Z,130,TOWER-HIST-04,OUTGOING,VOICE
CDR-RECYCLE-26225-0935,+91-9810011223,+91-9195960421,2025-05-21T10:00:00Z,69,TOWER-HIST-08,OUTGOING,VOICE
CDR-RECYCLE-26225-0936,+91-9810011223,+91-9137609277,2025-06-05T10:00:00Z,142,TOWER-HIST-01,OUTGOING,VOICE
CDR-RECYCLE-26225-0937,+91-9810011223,+91-9173318805,2025-03-09T10:00:00Z,66,TOWER-HIST-07,OUTGOING,VOICE
CDR-RECYCLE-26225-0938,+91-9810011223,+91-9171478637,2025-04-11T10:00:00Z,120,TOWER-HIST-09,OUTGOING,VOICE
CDR-RECYCLE-26225-0939,+91-9810011223,+91-9149248647,2025-01-19T10:00:00Z,85,TOWER-HIST-04,OUTGOING,VOICE
CDR-RECYCLE-26225-0940,+91-9810011223,+91-9126205146,2025-05-27T10:00:00Z,161,TOWER-HIST-10,OUTGOING,VOICE
CDR-RECYCLE-26225-0941,+91-9810011223,+91-9147969352,2025-05-16T10:00:00Z,167,TOWER-HIST-06,OUTGOING,VOICE
CDR-RECYCLE-26225-0942,+91-9810011223,+91-9147135760,2025-02-12T10:00:00Z,82,TOWER-HIST-03,OUTGOING,VOICE
CDR-RECYCLE-26225-0943,+91-9810011223,+91-9156627327,2025-03-08T10:00:00Z,105,TOWER-HIST-06,OUTGOING,VOICE
CDR-RECYCLE-26225-0944,+91-9810011223,+91-9147722067,2025-04-12T10:00:00Z,16,TOWER-HIST-10,OUTGOING,VOICE
CDR-RECYCLE-26225-0945,+91-9810011223,+91-9175197309,2025-04-21T10:00:00Z,90,TOWER-HIST-07,OUTGOING,VOICE
CDR-RECYCLE-26225-0946,+91-9810011223,+91-9187552233,2025-04-26T10:00:00Z,64,TOWER-HIST-02,OUTGOING,VOICE
CDR-RECYCLE-26225-0947,+91-9810011223,+91-9172333652,2025-01-23T10:00:00Z,163,TOWER-HIST-04,OUTGOING,VOICE
CDR-RECYCLE-26225-0948,+91-9810011223,+91-9155410181,2025-02-18T10:00:00Z,83,TOWER-HIST-04,OUTGOING,VOICE
CDR-RECYCLE-26225-0949,+91-9810011223,+91-9127930639,2025-04-01T10:00:00Z,39,TOWER-HIST-07,OUTGOING,VOICE
CDR-RECYCLE-26225-0950,+91-9810011223,+91-9194216198,2025-02-14T10:00:00Z,77,TOWER-HIST-04,OUTGOING,VOICE
CDR-RECYCLE-26225-0951,+91-9810011223,+91-9186521608,2025-02-01T10:00:00Z,175,TOWER-HIST-09,OUTGOING,VOICE
CDR-RECYCLE-26225-0952,+91-9810011223,+91-9127031388,2025-03-25T10:00:00Z,22,TOWER-HIST-09,OUTGOING,VOICE
CDR-RECYCLE-26225-0953,+91-9810011223,+91-9174242275,2025-04-23T10:00:00Z,102,TOWER-HIST-01,OUTGOING,VOICE
CDR-RECYCLE-26225-0954,+91-9810011223,+91-9182190352,2025-05-06T10:00:00Z,91,TOWER-HIST-04,OUTGOING,VOICE
CDR-RECYCLE-26225-0955,+91-9810011223,+91-9174561498,2025-06-27T10:00:00Z,51,TOWER-HIST-06,OUTGOING,VOICE
CDR-RECYCLE-26225-0956,+91-9810011223,+91-9193128366,2025-05-24T10:00:00Z,160,TOWER-HIST-02,OUTGOING,VOICE
CDR-RECYCLE-26225-0957,+91-9810011223,+91-9178023745,2025-04-14T10:00:00Z,73,TOWER-HIST-08,OUTGOING,VOICE
CDR-RECYCLE-26225-0958,+91-9810011223,+91-9147903095,2025-02-27T10:00:00Z,122,TOWER-HIST-02,OUTGOING,VOICE
CDR-RECYCLE-26225-0959,+91-9810011223,+91-9107135306,2025-04-09T10:00:00Z,74,TOWER-HIST-08,OUTGOING,VOICE
CDR-RECYCLE-26225-0960,+91-9810011223,+91-9173682852,2025-05-25T10:00:00Z,116,TOWER-HIST-02,OUTGOING,VOICE
CDR-RECYCLE-26225-0961,+91-9810011223,+91-9189203752,2025-02-24T10:00:00Z,160,TOWER-HIST-10,OUTGOING,VOICE
CDR-RECYCLE-26225-0962,+91-9810011223,+91-9104961723,2025-03-12T10:00:00Z,154,TOWER-HIST-03,OUTGOING,VOICE
CDR-RECYCLE-26225-0963,+91-9810011223,+91-9161749116,2025-06-07T10:00:00Z,72,TOWER-HIST-09,OUTGOING,VOICE
CDR-RECYCLE-26225-0964,+91-9810011223,+91-9139038817,2025-04-13T10:00:00Z,87,TOWER-HIST-10,OUTGOING,VOICE
CDR-RECYCLE-26225-0965,+91-9810011223,+91-9148792519,2025-04-19T10:00:00Z,168,TOWER-HIST-02,OUTGOING,VOICE
CDR-RECYCLE-26225-0966,+91-9810011223,+91-9170436933,2025-05-06T10:00:00Z,86,TOWER-HIST-06,OUTGOING,VOICE
CDR-RECYCLE-26225-0967,+91-9810011223,+91-9168688604,2025-03-15T10:00:00Z,89,TOWER-HIST-02,OUTGOING,VOICE
CDR-RECYCLE-26225-0968,+91-9810011223,+91-9121368600,2025-02-27T10:00:00Z,27,TOWER-HIST-05,OUTGOING,VOICE
CDR-RECYCLE-26225-0969,+91-9810011223,+91-9185281415,2025-01-08T10:00:00Z,21,TOWER-HIST-05,OUTGOING,VOICE
CDR-RECYCLE-26225-0970,+91-9810011223,+91-9124681356,2025-05-10T10:00:00Z,17,TOWER-HIST-09,OUTGOING,VOICE
CDR-RECYCLE-26225-0971,+91-9810011223,+91-9141743480,2025-03-10T10:00:00Z,174,TOWER-HIST-06,OUTGOING,VOICE
CDR-RECYCLE-26225-0972,+91-9810011223,+91-9166970596,2025-02-27T10:00:00Z,22,TOWER-HIST-02,OUTGOING,VOICE
CDR-RECYCLE-26225-0973,+91-9810011223,+91-9149681629,2025-03-28T10:00:00Z,166,TOWER-HIST-04,OUTGOING,VOICE
CDR-RECYCLE-26225-0974,+91-9810011223,+91-9127072758,2025-03-17T10:00:00Z,19,TOWER-HIST-07,OUTGOING,VOICE
CDR-RECYCLE-26225-0975,+91-9810011223,+91-9160952314,2025-06-15T10:00:00Z,51,TOWER-HIST-09,OUTGOING,VOICE
CDR-RECYCLE-26225-0976,+91-9810011223,+91-9116672983,2025-05-12T10:00:00Z,174,TOWER-HIST-03,OUTGOING,VOICE
CDR-RECYCLE-26225-0977,+91-9810011223,+91-9151128974,2025-04-24T10:00:00Z,173,TOWER-HIST-10,OUTGOING,VOICE
CDR-RECYCLE-26225-0978,+91-9810011223,+91-9191615420,2025-02-04T10:00:00Z,30,TOWER-HIST-02,OUTGOING,VOICE
CDR-RECYCLE-26225-0979,+91-9810011223,+91-9198660929,2025-01-02T10:00:00Z,32,TOWER-HIST-02,OUTGOING,VOICE
CDR-RECYCLE-26225-0980,+91-9810011223,+91-9193435410,2025-03-13T10:00:00Z,25,TOWER-HIST-04,OUTGOING,VOICE
CDR-RECYCLE-26225-0981,+91-9810011223,+91-9193988534,2025-05-14T10:00:00Z,125,TOWER-HIST-05,OUTGOING,VOICE
CDR-RECYCLE-26225-0982,+91-9810011223,+91-9156174582,2025-06-28T10:00:00Z,168,TOWER-HIST-09,OUTGOING,VOICE
CDR-RECYCLE-26225-0983,+91-9810011223,+91-9183274949,2025-05-14T10:00:00Z,16,TOWER-HIST-04,OUTGOING,VOICE
CDR-RECYCLE-26225-0984,+91-9810011223,+91-9132040449,2025-04-11T10:00:00Z,83,TOWER-HIST-08,OUTGOING,VOICE
CDR-RECYCLE-26225-0985,+91-9810011223,+91-9105767620,2025-04-19T10:00:00Z,151,TOWER-HIST-01,OUTGOING,VOICE
CDR-RECYCLE-26225-0986,+91-9810011223,+91-9114794668,2025-06-07T10:00:00Z,48,TOWER-HIST-01,OUTGOING,VOICE
CDR-RECYCLE-26225-0987,+91-9810011223,+91-9155702924,2025-02-02T10:00:00Z,45,TOWER-HIST-03,OUTGOING,VOICE
CDR-RECYCLE-26225-0988,+91-9810011223,+91-9154392076,2025-06-11T10:00:00Z,82,TOWER-HIST-09,OUTGOING,VOICE
CDR-RECYCLE-26225-0989,+91-9810011223,+91-9110410030,2025-02-07T10:00:00Z,173,TOWER-HIST-07,OUTGOING,VOICE
CDR-RECYCLE-26225-0990,+91-9810011223,+91-9180954285,2025-01-25T10:00:00Z,132,TOWER-HIST-03,OUTGOING,VOICE
CDR-RECYCLE-26225-0991,+91-9810011223,+91-9137960647,2025-04-19T10:00:00Z,140,TOWER-HIST-06,OUTGOING,VOICE
CDR-RECYCLE-26225-0992,+91-9810011223,+91-9189537564,2025-04-04T10:00:00Z,86,TOWER-HIST-01,OUTGOING,VOICE
CDR-RECYCLE-26225-0993,+91-9810011223,+91-9152451062,2025-04-08T10:00:00Z,156,TOWER-HIST-06,OUTGOING,VOICE
CDR-RECYCLE-26225-0994,+91-9810011223,+91-9147277011,2025-05-12T10:00:00Z,172,TOWER-HIST-04,OUTGOING,VOICE
CDR-RECYCLE-26225-0995,+91-9810011223,+91-9151320262,2025-05-13T10:00:00Z,148,TOWER-HIST-10,OUTGOING,VOICE
CDR-RECYCLE-26225-0996,+91-9810011223,+91-9163694091,2025-05-15T10:00:00Z,97,TOWER-HIST-02,OUTGOING,VOICE
CDR-RECYCLE-26225-0997,+91-9810011223,+91-9151302552,2025-03-14T10:00:00Z,86,TOWER-HIST-04,OUTGOING,VOICE
CDR-RECYCLE-26225-0998,+91-9810011223,+91-9159582726,2025-04-12T10:00:00Z,29,TOWER-HIST-03,OUTGOING,VOICE
CDR-RECYCLE-26225-0999,+91-9810011223,+91-9164579581,2025-01-28T10:00:00Z,62,TOWER-HIST-09,OUTGOING,VOICE
CDR-RECYCLE-26225-1000,+91-9810011223,+91-9154265843,2025-06-16T10:00:00Z,44,TOWER-HIST-05,OUTGOING,VOICE
CDR-RECYCLE-26225-1001,+91-9810011223,+91-9129665259,2025-01-02T10:00:00Z,129,TOWER-HIST-02,OUTGOING,VOICE
CDR-RECYCLE-26225-1002,+91-9810011223,+91-9154136433,2025-06-10T10:00:00Z,26,TOWER-HIST-03,OUTGOING,VOICE
CDR-RECYCLE-26225-1003,+91-9810011223,+91-9172796757,2025-03-06T10:00:00Z,34,TOWER-HIST-05,OUTGOING,VOICE
CDR-RECYCLE-26225-1004,+91-9810011223,+91-9104599797,2025-01-27T10:00:00Z,167,TOWER-HIST-07,OUTGOING,VOICE
CDR-RECYCLE-26225-1005,+91-9810011223,+91-9121991411,2025-04-24T10:00:00Z,79,TOWER-HIST-07,OUTGOING,VOICE
CDR-RECYCLE-26225-1006,+91-9810011223,+91-9102902714,2025-04-04T10:00:00Z,35,TOWER-HIST-09,OUTGOING,VOICE
CDR-RECYCLE-26225-1007,+91-9810011223,+91-9179843738,2025-02-09T10:00:00Z,77,TOWER-HIST-03,OUTGOING,VOICE
CDR-RECYCLE-26225-1008,+91-9810011223,+91-9193200384,2025-03-17T10:00:00Z,71,TOWER-HIST-03,OUTGOING,VOICE
CDR-RECYCLE-26225-1009,+91-9810011223,+91-9101249057,2025-04-25T10:00:00Z,68,TOWER-HIST-04,OUTGOING,VOICE
CDR-RECYCLE-26225-1010,+91-9810011223,+91-9173618611,2025-02-26T10:00:00Z,149,TOWER-HIST-10,OUTGOING,VOICE
CDR-RECYCLE-26225-1011,+91-9810011223,+91-9190042711,2025-02-08T10:00:00Z,114,TOWER-HIST-09,OUTGOING,VOICE
CDR-RECYCLE-26225-1012,+91-9810011223,+91-9103350851,2025-03-12T10:00:00Z,15,TOWER-HIST-06,OUTGOING,VOICE
CDR-RECYCLE-26225-1013,+91-9810011223,+91-9164623457,2025-04-11T10:00:00Z,26,TOWER-HIST-02,OUTGOING,VOICE
CDR-RECYCLE-26225-1014,+91-9810011223,+91-9199221528,2025-03-17T10:00:00Z,79,TOWER-HIST-07,OUTGOING,VOICE
CDR-RECYCLE-26225-1015,+91-9810011223,+91-9180902476,2025-06-13T10:00:00Z,23,TOWER-HIST-07,OUTGOING,VOICE
CDR-RECYCLE-26225-1016,+91-9810011223,+91-9146937359,2025-03-16T10:00:00Z,63,TOWER-HIST-04,OUTGOING,VOICE
CDR-RECYCLE-26225-1017,+91-9810011223,+91-9191670526,2025-03-09T10:00:00Z,59,TOWER-HIST-02,OUTGOING,VOICE
CDR-RECYCLE-26225-1018,+91-9810011223,+91-9161712662,2025-01-15T10:00:00Z,36,TOWER-HIST-03,OUTGOING,VOICE
CDR-RECYCLE-26225-1019,+91-9810011223,+91-9137879364,2025-05-07T10:00:00Z,176,TOWER-HIST-05,OUTGOING,VOICE
CDR-RECYCLE-26225-1020,+91-9810011223,+91-9169633734,2025-01-15T10:00:00Z,38,TOWER-HIST-08,OUTGOING,VOICE
CDR-RECYCLE-26225-1021,+91-9810011223,+91-9191121506,2025-02-24T10:00:00Z,111,TOWER-HIST-07,OUTGOING,VOICE
CDR-RECYCLE-26225-1022,+91-9810011223,+91-9190011832,2025-05-13T10:00:00Z,127,TOWER-HIST-02,OUTGOING,VOICE
CDR-RECYCLE-26225-1023,+91-9810011223,+91-9118951484,2025-05-08T10:00:00Z,106,TOWER-HIST-06,OUTGOING,VOICE
CDR-RECYCLE-26225-1024,+91-9810011223,+91-9116724253,2025-03-05T10:00:00Z,35,TOWER-HIST-04,OUTGOING,VOICE
CDR-RECYCLE-26225-1025,+91-9810011223,+91-9139232948,2025-05-10T10:00:00Z,79,TOWER-HIST-08,OUTGOING,VOICE
CDR-RECYCLE-26225-1026,+91-9810011223,+91-9135929220,2025-01-13T10:00:00Z,29,TOWER-HIST-06,OUTGOING,VOICE
CDR-RECYCLE-26225-1027,+91-9810011223,+91-9163488152,2025-05-01T10:00:00Z,146,TOWER-HIST-10,OUTGOING,VOICE
CDR-RECYCLE-26225-1028,+91-9810011223,+91-9142429474,2025-03-27T10:00:00Z,94,TOWER-HIST-10,OUTGOING,VOICE
CDR-RECYCLE-26225-1029,+91-9810011223,+91-9172853103,2025-06-02T10:00:00Z,54,TOWER-HIST-09,OUTGOING,VOICE
CDR-RECYCLE-26225-1030,+91-9810011223,+91-9165903224,2025-04-11T10:00:00Z,140,TOWER-HIST-07,OUTGOING,VOICE
CDR-RECYCLE-26225-1031,+91-9810011223,+91-9134311917,2025-03-20T10:00:00Z,33,TOWER-HIST-06,OUTGOING,VOICE
CDR-RECYCLE-26225-1032,+91-9810011223,+91-9150871835,2025-01-20T10:00:00Z,79,TOWER-HIST-07,OUTGOING,VOICE
CDR-RECYCLE-26225-1033,+91-9810011223,+91-9195153129,2025-02-17T10:00:00Z,28,TOWER-HIST-10,OUTGOING,VOICE
CDR-RECYCLE-26225-1034,+91-9810011223,+91-9144328067,2025-04-02T10:00:00Z,173,TOWER-HIST-06,OUTGOING,VOICE
CDR-RECYCLE-26225-1035,+91-9810011223,+91-9146059452,2025-02-08T10:00:00Z,17,TOWER-HIST-07,OUTGOING,VOICE
CDR-RECYCLE-26225-1036,+91-9810011223,+91-9173310033,2025-04-03T10:00:00Z,131,TOWER-HIST-06,OUTGOING,VOICE
CDR-RECYCLE-26225-1037,+91-9810011223,+91-9132184981,2025-02-19T10:00:00Z,143,TOWER-HIST-06,OUTGOING,VOICE
CDR-RECYCLE-26225-1038,+91-9810011223,+91-9100388570,2025-01-24T10:00:00Z,172,TOWER-HIST-01,OUTGOING,VOICE
CDR-RECYCLE-26225-1039,+91-9810011223,+91-9130425181,2025-05-18T10:00:00Z,145,TOWER-HIST-10,OUTGOING,VOICE
CDR-RECYCLE-26225-1040,+91-9810011223,+91-9153726442,2025-04-08T10:00:00Z,101,TOWER-HIST-03,OUTGOING,VOICE
CDR-RECYCLE-26225-1041,+91-9810011223,+91-9136778266,2025-06-14T10:00:00Z,47,TOWER-HIST-10,OUTGOING,VOICE
CDR-RECYCLE-26225-1042,+91-9810011223,+91-9154577972,2025-04-04T10:00:00Z,153,TOWER-HIST-10,OUTGOING,VOICE
CDR-RECYCLE-26225-1043,+91-9810011223,+91-9102128049,2025-02-09T10:00:00Z,19,TOWER-HIST-09,OUTGOING,VOICE
CDR-RECYCLE-26225-1044,+91-9810011223,+91-9136541830,2025-02-10T10:00:00Z,164,TOWER-HIST-10,OUTGOING,VOICE
CDR-RECYCLE-26225-1045,+91-9810011223,+91-9124599780,2025-02-24T10:00:00Z,61,TOWER-HIST-10,OUTGOING,VOICE
CDR-RECYCLE-26225-1046,+91-9810011223,+91-9160767467,2025-03-17T10:00:00Z,118,TOWER-HIST-03,OUTGOING,VOICE
CDR-RECYCLE-26225-1047,+91-9810011223,+91-9194297120,2025-01-14T10:00:00Z,127,TOWER-HIST-06,OUTGOING,VOICE
CDR-RECYCLE-26225-1048,+91-9810011223,+91-9189555251,2025-02-25T10:00:00Z,50,TOWER-HIST-01,OUTGOING,VOICE
CDR-RECYCLE-26225-1049,+91-9810011223,+91-9129862642,2025-03-17T10:00:00Z,102,TOWER-HIST-02,OUTGOING,VOICE
CDR-RECYCLE-26225-1050,+91-9810011223,+91-9130427370,2025-02-04T10:00:00Z,142,TOWER-HIST-01,OUTGOING,VOICE
CDR-RECYCLE-26225-1051,+91-9810011223,+91-9185440375,2025-02-19T10:00:00Z,70,TOWER-HIST-05,OUTGOING,VOICE
CDR-RECYCLE-26225-1052,+91-9810011223,+91-9199477589,2025-05-08T10:00:00Z,27,TOWER-HIST-05,OUTGOING,VOICE
CDR-RECYCLE-26225-1053,+91-9810011223,+91-9188955598,2025-04-20T10:00:00Z,125,TOWER-HIST-03,OUTGOING,VOICE
CDR-RECYCLE-26225-1054,+91-9810011223,+91-9182180870,2025-03-01T10:00:00Z,130,TOWER-HIST-05,OUTGOING,VOICE
CDR-RECYCLE-26225-1055,+91-9810011223,+91-9169168590,2025-04-11T10:00:00Z,164,TOWER-HIST-05,OUTGOING,VOICE
CDR-RECYCLE-26225-1056,+91-9810011223,+91-9112502681,2025-04-14T10:00:00Z,19,TOWER-HIST-03,OUTGOING,VOICE
CDR-RECYCLE-26225-1057,+91-9810011223,+91-9130615673,2025-05-01T10:00:00Z,24,TOWER-HIST-09,OUTGOING,VOICE
CDR-RECYCLE-26225-1058,+91-9810011223,+91-9170238977,2025-05-04T10:00:00Z,29,TOWER-HIST-10,OUTGOING,VOICE
CDR-RECYCLE-26225-1059,+91-9810011223,+91-9128679463,2025-06-15T10:00:00Z,32,TOWER-HIST-05,OUTGOING,VOICE
CDR-RECYCLE-26225-1060,+91-9810011223,+91-9159358174,2025-01-18T10:00:00Z,58,TOWER-HIST-08,OUTGOING,VOICE
CDR-RECYCLE-26225-1061,+91-9810011223,+91-9181487893,2025-05-24T10:00:00Z,154,TOWER-HIST-08,OUTGOING,VOICE
CDR-RECYCLE-26225-1062,+91-9810011223,+91-9192776409,2025-04-22T10:00:00Z,55,TOWER-HIST-08,OUTGOING,VOICE
CDR-RECYCLE-26225-1063,+91-9810011223,+91-9128846233,2025-02-17T10:00:00Z,34,TOWER-HIST-03,OUTGOING,VOICE
CDR-RECYCLE-26225-1064,+91-9810011223,+91-9155259462,2025-04-12T10:00:00Z,82,TOWER-HIST-02,OUTGOING,VOICE
CDR-RECYCLE-26225-1065,+91-9810011223,+91-9118803217,2025-04-16T10:00:00Z,159,TOWER-HIST-05,OUTGOING,VOICE
CDR-RECYCLE-26225-1066,+91-9810011223,+91-9189227877,2025-01-20T10:00:00Z,167,TOWER-HIST-07,OUTGOING,VOICE
CDR-RECYCLE-26225-1067,+91-9810011223,+91-9148545231,2025-02-04T10:00:00Z,98,TOWER-HIST-09,OUTGOING,VOICE
CDR-RECYCLE-26225-1068,+91-9810011223,+91-9152975577,2025-06-01T10:00:00Z,173,TOWER-HIST-09,OUTGOING,VOICE
CDR-RECYCLE-26225-1069,+91-9810011223,+91-9131043825,2025-04-24T10:00:00Z,61,TOWER-HIST-07,OUTGOING,VOICE
CDR-RECYCLE-26225-1070,+91-9810011223,+91-9126513265,2025-06-26T10:00:00Z,56,TOWER-HIST-05,OUTGOING,VOICE
CDR-RECYCLE-26225-1071,+91-9810011223,+91-9123047402,2025-06-25T10:00:00Z,160,TOWER-HIST-06,OUTGOING,VOICE
CDR-RECYCLE-26225-1072,+91-9810011223,+91-9137162216,2025-03-12T10:00:00Z,126,TOWER-HIST-03,OUTGOING,VOICE
CDR-RECYCLE-26225-1073,+91-9810011223,+91-9122032902,2025-05-20T10:00:00Z,33,TOWER-HIST-07,OUTGOING,VOICE
CDR-RECYCLE-26225-1074,+91-9810011223,+91-9115817027,2025-04-01T10:00:00Z,127,TOWER-HIST-09,OUTGOING,VOICE
CDR-RECYCLE-26225-1075,+91-9810011223,+91-9107854676,2025-01-17T10:00:00Z,120,TOWER-HIST-08,OUTGOING,VOICE
CDR-RECYCLE-26225-1076,+91-9810011223,+91-9105657107,2025-04-16T10:00:00Z,58,TOWER-HIST-05,OUTGOING,VOICE
CDR-RECYCLE-26225-1077,+91-9810011223,+91-9140500983,2025-02-01T10:00:00Z,141,TOWER-HIST-05,OUTGOING,VOICE
CDR-RECYCLE-26225-1078,+91-9810011223,+91-9117790413,2025-03-15T10:00:00Z,131,TOWER-HIST-01,OUTGOING,VOICE
CDR-RECYCLE-26225-1079,+91-9810011223,+91-9103146985,2025-05-02T10:00:00Z,35,TOWER-HIST-01,OUTGOING,VOICE
CDR-RECYCLE-26225-1080,+91-9810011223,+91-9107243197,2025-03-01T10:00:00Z,99,TOWER-HIST-02,OUTGOING,VOICE
CDR-RECYCLE-26225-1081,+91-9810011223,+91-9111629267,2025-03-09T10:00:00Z,58,TOWER-HIST-04,OUTGOING,VOICE
CDR-RECYCLE-26225-1082,+91-9810011223,+91-9194072084,2025-02-26T10:00:00Z,19,TOWER-HIST-02,OUTGOING,VOICE
CDR-RECYCLE-26225-1083,+91-9810011223,+91-9118793783,2025-06-24T10:00:00Z,26,TOWER-HIST-07,OUTGOING,VOICE
CDR-RECYCLE-26225-1084,+91-9810011223,+91-9105130113,2025-02-13T10:00:00Z,19,TOWER-HIST-10,OUTGOING,VOICE
CDR-RECYCLE-26225-1085,+91-9810011223,+91-9192780352,2025-06-14T10:00:00Z,107,TOWER-HIST-08,OUTGOING,VOICE
CDR-RECYCLE-26225-1086,+91-9810011223,+91-9148995822,2025-03-27T10:00:00Z,44,TOWER-HIST-07,OUTGOING,VOICE
CDR-RECYCLE-26225-1087,+91-9810011223,+91-9150914854,2025-03-05T10:00:00Z,180,TOWER-HIST-05,OUTGOING,VOICE
CDR-RECYCLE-26225-1088,+91-9810011223,+91-9129724167,2025-01-23T10:00:00Z,147,TOWER-HIST-10,OUTGOING,VOICE
CDR-RECYCLE-26225-1089,+91-9810011223,+91-9170662811,2025-03-03T10:00:00Z,164,TOWER-HIST-09,OUTGOING,VOICE
CDR-RECYCLE-26225-1090,+91-9810011223,+91-9137876792,2025-04-07T10:00:00Z,47,TOWER-HIST-09,OUTGOING,VOICE
CDR-RECYCLE-26225-1091,+91-9810011223,+91-9117687589,2025-03-13T10:00:00Z,96,TOWER-HIST-06,OUTGOING,VOICE
CDR-RECYCLE-26225-1092,+91-9810011223,+91-9124934980,2025-06-25T10:00:00Z,115,TOWER-HIST-01,OUTGOING,VOICE
CDR-RECYCLE-26225-1093,+91-9810011223,+91-9169284991,2025-02-04T10:00:00Z,17,TOWER-HIST-06,OUTGOING,VOICE
CDR-RECYCLE-26225-1094,+91-9810011223,+91-9156201030,2025-05-26T10:00:00Z,43,TOWER-HIST-07,OUTGOING,VOICE
CDR-RECYCLE-26225-1095,+91-9810011223,+91-9127769244,2025-06-18T10:00:00Z,142,TOWER-HIST-08,OUTGOING,VOICE
CDR-RECYCLE-26225-1096,+91-9810011223,+91-9153652072,2025-03-18T10:00:00Z,114,TOWER-HIST-09,OUTGOING,VOICE
CDR-RECYCLE-26225-1097,+91-9810011223,+91-9140246210,2025-05-22T10:00:00Z,163,TOWER-HIST-08,OUTGOING,VOICE
CDR-RECYCLE-26225-1098,+91-9810011223,+91-9162218179,2025-01-28T10:00:00Z,77,TOWER-HIST-06,OUTGOING,VOICE
CDR-RECYCLE-26225-1099,+91-9810011223,+91-9161357711,2025-04-06T10:00:00Z,41,TOWER-HIST-04,OUTGOING,VOICE
CDR-RECYCLE-26225-1100,+91-9810011223,+91-9184582154,2025-05-07T10:00:00Z,174,TOWER-HIST-06,OUTGOING,VOICE
CDR-RECYCLE-26225-1101,+91-9810011223,+91-9116775941,2025-04-25T10:00:00Z,89,TOWER-HIST-01,OUTGOING,VOICE
CDR-RECYCLE-26225-1102,+91-9810011223,+91-9137337048,2025-05-25T10:00:00Z,86,TOWER-HIST-06,OUTGOING,VOICE
CDR-RECYCLE-26225-1103,+91-9810011223,+91-9191018334,2025-02-19T10:00:00Z,28,TOWER-HIST-08,OUTGOING,VOICE
CDR-RECYCLE-26225-1104,+91-9810011223,+91-9117503209,2025-02-20T10:00:00Z,150,TOWER-HIST-08,OUTGOING,VOICE
CDR-RECYCLE-26225-1105,+91-9810011223,+91-9161760788,2025-03-11T10:00:00Z,48,TOWER-HIST-03,OUTGOING,VOICE
CDR-RECYCLE-26225-1106,+91-9810011223,+91-9150860423,2025-05-19T10:00:00Z,63,TOWER-HIST-07,OUTGOING,VOICE
CDR-RECYCLE-26225-1107,+91-9810011223,+91-9115070724,2025-05-12T10:00:00Z,152,TOWER-HIST-07,OUTGOING,VOICE
CDR-RECYCLE-26225-1108,+91-9810011223,+91-9116796645,2025-01-07T10:00:00Z,96,TOWER-HIST-02,OUTGOING,VOICE
CDR-RECYCLE-26225-1109,+91-9810011223,+91-9138919591,2025-03-23T10:00:00Z,174,TOWER-HIST-09,OUTGOING,VOICE
CDR-RECYCLE-26225-1110,+91-9810011223,+91-9105400020,2025-03-24T10:00:00Z,21,TOWER-HIST-03,OUTGOING,VOICE
CDR-RECYCLE-26225-1111,+91-9810011223,+91-9135485697,2025-03-21T10:00:00Z,51,TOWER-HIST-06,OUTGOING,VOICE
CDR-RECYCLE-26225-1112,+91-9810011223,+91-9106025893,2025-01-27T10:00:00Z,70,TOWER-HIST-09,OUTGOING,VOICE
CDR-RECYCLE-26225-1113,+91-9810011223,+91-9119754132,2025-05-24T10:00:00Z,33,TOWER-HIST-08,OUTGOING,VOICE
CDR-RECYCLE-26225-1114,+91-9810011223,+91-9184955930,2025-03-03T10:00:00Z,70,TOWER-HIST-09,OUTGOING,VOICE
CDR-RECYCLE-26225-1115,+91-9810011223,+91-9188134266,2025-03-15T10:00:00Z,75,TOWER-HIST-04,OUTGOING,VOICE
CDR-RECYCLE-26225-1116,+91-9810011223,+91-9128396840,2025-06-22T10:00:00Z,30,TOWER-HIST-10,OUTGOING,VOICE
CDR-RECYCLE-26225-1117,+91-9810011223,+91-9138101323,2025-03-27T10:00:00Z,128,TOWER-HIST-05,OUTGOING,VOICE
CDR-RECYCLE-26225-1118,+91-9810011223,+91-9190681216,2025-06-23T10:00:00Z,78,TOWER-HIST-08,OUTGOING,VOICE
CDR-RECYCLE-26225-1119,+91-9810011223,+91-9156931537,2025-05-27T10:00:00Z,171,TOWER-HIST-02,OUTGOING,VOICE
CDR-RECYCLE-26225-1120,+91-9810011223,+91-9185824017,2025-01-28T10:00:00Z,69,TOWER-HIST-03,OUTGOING,VOICE
CDR-RECYCLE-26225-1121,+91-9810011223,+91-9150696815,2025-06-07T10:00:00Z,150,TOWER-HIST-10,OUTGOING,VOICE
CDR-RECYCLE-26225-1122,+91-9810011223,+91-9162943397,2025-05-22T10:00:00Z,173,TOWER-HIST-04,OUTGOING,VOICE
CDR-RECYCLE-26225-1123,+91-9810011223,+91-9184089607,2025-06-15T10:00:00Z,43,TOWER-HIST-02,OUTGOING,VOICE
CDR-RECYCLE-26225-1124,+91-9810011223,+91-9165839423,2025-01-12T10:00:00Z,112,TOWER-HIST-03,OUTGOING,VOICE
CDR-RECYCLE-26225-1125,+91-9810011223,+91-9104521884,2025-04-09T10:00:00Z,66,TOWER-HIST-02,OUTGOING,VOICE
CDR-RECYCLE-26225-1126,+91-9810011223,+91-9128165621,2025-01-28T10:00:00Z,58,TOWER-HIST-01,OUTGOING,VOICE
CDR-RECYCLE-26225-1127,+91-9810011223,+91-9113406585,2025-04-25T10:00:00Z,101,TOWER-HIST-05,OUTGOING,VOICE
CDR-RECYCLE-26225-1128,+91-9810011223,+91-9153712435,2025-03-23T10:00:00Z,149,TOWER-HIST-07,OUTGOING,VOICE
CDR-RECYCLE-26225-1129,+91-9810011223,+91-9110260219,2025-03-12T10:00:00Z,116,TOWER-HIST-09,OUTGOING,VOICE
CDR-RECYCLE-26225-1130,+91-9810011223,+91-9131305758,2025-02-26T10:00:00Z,171,TOWER-HIST-02,OUTGOING,VOICE
CDR-RECYCLE-26225-1131,+91-9810011223,+91-9101878553,2025-02-07T10:00:00Z,105,TOWER-HIST-02,OUTGOING,VOICE
CDR-RECYCLE-26225-1132,+91-9810011223,+91-9194434716,2025-06-06T10:00:00Z,101,TOWER-HIST-03,OUTGOING,VOICE
CDR-RECYCLE-26225-1133,+91-9810011223,+91-9178916965,2025-01-17T10:00:00Z,88,TOWER-HIST-04,OUTGOING,VOICE
CDR-RECYCLE-26225-1134,+91-9810011223,+91-9117738921,2025-04-09T10:00:00Z,18,TOWER-HIST-07,OUTGOING,VOICE
CDR-RECYCLE-26225-1135,+91-9810011223,+91-9130964301,2025-01-13T10:00:00Z,102,TOWER-HIST-06,OUTGOING,VOICE
CDR-RECYCLE-26225-1136,+91-9810011223,+91-9138701554,2025-02-25T10:00:00Z,128,TOWER-HIST-08,OUTGOING,VOICE
CDR-RECYCLE-26225-1137,+91-9810011223,+91-9159648284,2025-05-27T10:00:00Z,54,TOWER-HIST-06,OUTGOING,VOICE
CDR-RECYCLE-26225-1138,+91-9810011223,+91-9109436827,2025-06-02T10:00:00Z,126,TOWER-HIST-06,OUTGOING,VOICE
CDR-RECYCLE-26225-1139,+91-9810011223,+91-9146622498,2025-03-24T10:00:00Z,53,TOWER-HIST-08,OUTGOING,VOICE
CDR-RECYCLE-26225-1140,+91-9810011223,+91-9154708984,2025-04-22T10:00:00Z,103,TOWER-HIST-01,OUTGOING,VOICE
CDR-RECYCLE-26225-1141,+91-9810011223,+91-9137478848,2025-06-12T10:00:00Z,31,TOWER-HIST-04,OUTGOING,VOICE
CDR-RECYCLE-26225-1142,+91-9810011223,+91-9113225941,2025-02-05T10:00:00Z,133,TOWER-HIST-06,OUTGOING,VOICE
CDR-RECYCLE-26225-1143,+91-9810011223,+91-9188864012,2025-05-16T10:00:00Z,40,TOWER-HIST-03,OUTGOING,VOICE
CDR-RECYCLE-26225-1144,+91-9810011223,+91-9128570854,2025-02-15T10:00:00Z,113,TOWER-HIST-03,OUTGOING,VOICE
CDR-RECYCLE-26225-1145,+91-9810011223,+91-9195734345,2025-06-25T10:00:00Z,63,TOWER-HIST-04,OUTGOING,VOICE
CDR-RECYCLE-26225-1146,+91-9810011223,+91-9173581803,2025-03-13T10:00:00Z,121,TOWER-HIST-05,OUTGOING,VOICE
CDR-RECYCLE-26225-1147,+91-9810011223,+91-9102594497,2025-03-01T10:00:00Z,85,TOWER-HIST-07,OUTGOING,VOICE
CDR-RECYCLE-26225-1148,+91-9810011223,+91-9110300545,2025-05-13T10:00:00Z,33,TOWER-HIST-09,OUTGOING,VOICE
CDR-RECYCLE-26225-1149,+91-9810011223,+91-9157808484,2025-02-04T10:00:00Z,129,TOWER-HIST-04,OUTGOING,VOICE
CDR-RECYCLE-26225-1150,+91-9810011223,+91-9191437880,2025-06-09T10:00:00Z,90,TOWER-HIST-07,OUTGOING,VOICE
CDR-RECYCLE-26225-1151,+91-9810011223,+91-9164560229,2025-03-04T10:00:00Z,126,TOWER-HIST-05,OUTGOING,VOICE
CDR-RECYCLE-26225-1152,+91-9810011223,+91-9177023624,2025-03-19T10:00:00Z,25,TOWER-HIST-05,OUTGOING,VOICE
CDR-RECYCLE-26225-1153,+91-9810011223,+91-9175045346,2025-05-20T10:00:00Z,115,TOWER-HIST-05,OUTGOING,VOICE
CDR-RECYCLE-26225-1154,+91-9810011223,+91-9174330838,2025-01-14T10:00:00Z,133,TOWER-HIST-09,OUTGOING,VOICE
CDR-RECYCLE-26225-1155,+91-9810011223,+91-9199258328,2025-01-15T10:00:00Z,49,TOWER-HIST-01,OUTGOING,VOICE
CDR-RECYCLE-26225-1156,+91-9810011223,+91-9162742026,2025-05-18T10:00:00Z,31,TOWER-HIST-08,OUTGOING,VOICE
CDR-RECYCLE-26225-1157,+91-9810011223,+91-9116981929,2025-01-06T10:00:00Z,180,TOWER-HIST-10,OUTGOING,VOICE
CDR-RECYCLE-26225-1158,+91-9810011223,+91-9178259249,2025-04-14T10:00:00Z,87,TOWER-HIST-04,OUTGOING,VOICE
CDR-RECYCLE-26225-1159,+91-9810011223,+91-9186164785,2025-04-05T10:00:00Z,95,TOWER-HIST-05,OUTGOING,VOICE
CDR-RECYCLE-26225-1160,+91-9810011223,+91-9140760084,2025-05-14T10:00:00Z,154,TOWER-HIST-02,OUTGOING,VOICE
CDR-RECYCLE-26225-1161,+91-9810011223,+91-9128316570,2025-02-02T10:00:00Z,124,TOWER-HIST-06,OUTGOING,VOICE
CDR-RECYCLE-26225-1162,+91-9810011223,+91-9133076975,2025-02-22T10:00:00Z,158,TOWER-HIST-02,OUTGOING,VOICE
CDR-RECYCLE-26225-1163,+91-9810011223,+91-9124630441,2025-03-08T10:00:00Z,121,TOWER-HIST-08,OUTGOING,VOICE
CDR-RECYCLE-26225-1164,+91-9810011223,+91-9178720606,2025-03-27T10:00:00Z,152,TOWER-HIST-10,OUTGOING,VOICE
CDR-RECYCLE-26225-1165,+91-9810011223,+91-9199137317,2025-01-20T10:00:00Z,111,TOWER-HIST-07,OUTGOING,VOICE
CDR-RECYCLE-26225-1166,+91-9810011223,+91-9116363356,2025-03-06T10:00:00Z,66,TOWER-HIST-03,OUTGOING,VOICE
CDR-RECYCLE-26225-1167,+91-9810011223,+91-9168269728,2025-02-17T10:00:00Z,45,TOWER-HIST-10,OUTGOING,VOICE
CDR-RECYCLE-26225-1168,+91-9810011223,+91-9137295759,2025-03-27T10:00:00Z,174,TOWER-HIST-03,OUTGOING,VOICE
CDR-RECYCLE-26225-1169,+91-9810011223,+91-9100504944,2025-05-17T10:00:00Z,44,TOWER-HIST-03,OUTGOING,VOICE
CDR-RECYCLE-26225-1170,+91-9810011223,+91-9154965003,2025-02-15T10:00:00Z,165,TOWER-HIST-08,OUTGOING,VOICE
CDR-RECYCLE-26225-1171,+91-9810011223,+91-9140948284,2025-04-22T10:00:00Z,64,TOWER-HIST-04,OUTGOING,VOICE
CDR-RECYCLE-26225-1172,+91-9810011223,+91-9176200339,2025-06-14T10:00:00Z,165,TOWER-HIST-10,OUTGOING,VOICE
CDR-RECYCLE-26225-1173,+91-9810011223,+91-9161091240,2025-04-06T10:00:00Z,90,TOWER-HIST-01,OUTGOING,VOICE
CDR-RECYCLE-26225-1174,+91-9810011223,+91-9133281243,2025-01-01T10:00:00Z,130,TOWER-HIST-03,OUTGOING,VOICE
CDR-RECYCLE-26225-1175,+91-9810011223,+91-9170500898,2025-05-06T10:00:00Z,39,TOWER-HIST-08,OUTGOING,VOICE
CDR-RECYCLE-26225-1176,+91-9810011223,+91-9197210302,2025-04-16T10:00:00Z,128,TOWER-HIST-08,OUTGOING,VOICE
CDR-RECYCLE-26225-1177,+91-9810011223,+91-9166915171,2025-02-22T10:00:00Z,170,TOWER-HIST-06,OUTGOING,VOICE
CDR-RECYCLE-26225-1178,+91-9810011223,+91-9177942183,2025-05-23T10:00:00Z,20,TOWER-HIST-10,OUTGOING,VOICE
CDR-RECYCLE-26225-1179,+91-9810011223,+91-9108507127,2025-06-21T10:00:00Z,133,TOWER-HIST-04,OUTGOING,VOICE
CDR-RECYCLE-26225-1180,+91-9810011223,+91-9117082891,2025-02-18T10:00:00Z,76,TOWER-HIST-04,OUTGOING,VOICE
CDR-RECYCLE-26225-1181,+91-9810011223,+91-9118888204,2025-03-11T10:00:00Z,67,TOWER-HIST-09,OUTGOING,VOICE
CDR-RECYCLE-26225-1182,+91-9810011223,+91-9151604762,2025-02-18T10:00:00Z,44,TOWER-HIST-09,OUTGOING,VOICE
CDR-RECYCLE-26225-1183,+91-9810011223,+91-9130477913,2025-06-13T10:00:00Z,24,TOWER-HIST-10,OUTGOING,VOICE
CDR-RECYCLE-26225-1184,+91-9810011223,+91-9147377307,2025-02-03T10:00:00Z,175,TOWER-HIST-07,OUTGOING,VOICE
CDR-RECYCLE-26225-1185,+91-9810011223,+91-9147733651,2025-03-01T10:00:00Z,134,TOWER-HIST-04,OUTGOING,VOICE
CDR-RECYCLE-26225-1186,+91-9810011223,+91-9176882671,2025-05-20T10:00:00Z,69,TOWER-HIST-09,OUTGOING,VOICE
CDR-RECYCLE-26225-1187,+91-9810011223,+91-9165060724,2025-06-25T10:00:00Z,66,TOWER-HIST-07,OUTGOING,VOICE
CDR-RECYCLE-26225-1188,+91-9810011223,+91-9193976145,2025-02-02T10:00:00Z,74,TOWER-HIST-08,OUTGOING,VOICE
CDR-RECYCLE-26225-1189,+91-9810011223,+91-9133277209,2025-03-28T10:00:00Z,122,TOWER-HIST-04,OUTGOING,VOICE
CDR-RECYCLE-26225-1190,+91-9810011223,+91-9159969579,2025-06-09T10:00:00Z,72,TOWER-HIST-05,OUTGOING,VOICE
CDR-RECYCLE-26225-1191,+91-9810011223,+91-9155929744,2025-05-08T10:00:00Z,107,TOWER-HIST-02,OUTGOING,VOICE
CDR-RECYCLE-26225-1192,+91-9810011223,+91-9154163077,2025-02-26T10:00:00Z,174,TOWER-HIST-01,OUTGOING,VOICE
CDR-RECYCLE-26225-1193,+91-9810011223,+91-9111691635,2025-01-08T10:00:00Z,169,TOWER-HIST-05,OUTGOING,VOICE
CDR-RECYCLE-26225-1194,+91-9810011223,+91-9178561180,2025-03-22T10:00:00Z,55,TOWER-HIST-06,OUTGOING,VOICE
CDR-RECYCLE-26225-1195,+91-9810011223,+91-9111590887,2025-01-27T10:00:00Z,15,TOWER-HIST-10,OUTGOING,VOICE
CDR-RECYCLE-26225-1196,+91-9810011223,+91-9163192792,2025-04-04T10:00:00Z,113,TOWER-HIST-06,OUTGOING,VOICE
CDR-RECYCLE-26225-1197,+91-9810011223,+91-9183802994,2025-02-14T10:00:00Z,116,TOWER-HIST-02,OUTGOING,VOICE
CDR-RECYCLE-26225-1198,+91-9810011223,+91-9141069310,2025-04-27T10:00:00Z,93,TOWER-HIST-09,OUTGOING,VOICE
CDR-RECYCLE-26225-1199,+91-9810011223,+91-9146896815,2025-03-24T10:00:00Z,72,TOWER-HIST-06,OUTGOING,VOICE
CDR-RECYCLE-26225-1200,+91-9810011223,+91-9112179277,2025-02-22T10:00:00Z,161,TOWER-HIST-04,OUTGOING,VOICE
CDR-RECYCLE-26225-1201,+91-9810011223,+91-9199220536,2025-04-25T10:00:00Z,43,TOWER-HIST-09,OUTGOING,VOICE
CDR-RECYCLE-26225-1202,+91-9810011223,+91-9124484195,2025-04-26T10:00:00Z,136,TOWER-HIST-10,OUTGOING,VOICE
CDR-RECYCLE-26225-1203,+91-9810011223,+91-9166322175,2025-01-25T10:00:00Z,99,TOWER-HIST-01,OUTGOING,VOICE
CDR-RECYCLE-26225-1204,+91-9810011223,+91-9156016529,2025-01-24T10:00:00Z,180,TOWER-HIST-02,OUTGOING,VOICE
CDR-RECYCLE-26225-1205,+91-9810011223,+91-9121808517,2025-02-19T10:00:00Z,114,TOWER-HIST-06,OUTGOING,VOICE
CDR-RECYCLE-26225-1206,+91-9810011223,+91-9113710483,2025-01-08T10:00:00Z,128,TOWER-HIST-02,OUTGOING,VOICE
CDR-RECYCLE-26225-1207,+91-9810011223,+91-9172053712,2025-02-26T10:00:00Z,45,TOWER-HIST-09,OUTGOING,VOICE
CDR-RECYCLE-26225-1208,+91-9810011223,+91-9157248630,2025-02-04T10:00:00Z,92,TOWER-HIST-03,OUTGOING,VOICE
CDR-RECYCLE-26225-1209,+91-9810011223,+91-9169703241,2025-01-25T10:00:00Z,155,TOWER-HIST-02,OUTGOING,VOICE
CDR-RECYCLE-26225-1210,+91-9810011223,+91-9174542872,2025-03-08T10:00:00Z,139,TOWER-HIST-08,OUTGOING,VOICE
CDR-RECYCLE-26225-1211,+91-9810011223,+91-9186169797,2025-05-22T10:00:00Z,24,TOWER-HIST-04,OUTGOING,VOICE
CDR-RECYCLE-26225-1212,+91-9810011223,+91-9128171842,2025-04-01T10:00:00Z,99,TOWER-HIST-09,OUTGOING,VOICE
CDR-RECYCLE-26225-1213,+91-9810011223,+91-9143577907,2025-02-08T10:00:00Z,57,TOWER-HIST-09,OUTGOING,VOICE
CDR-RECYCLE-26225-1214,+91-9810011223,+91-9187118390,2025-05-02T10:00:00Z,148,TOWER-HIST-05,OUTGOING,VOICE
CDR-RECYCLE-26225-1215,+91-9810011223,+91-9124123053,2025-02-13T10:00:00Z,170,TOWER-HIST-10,OUTGOING,VOICE
CDR-RECYCLE-26225-1216,+91-9810011223,+91-9199431399,2025-04-27T10:00:00Z,118,TOWER-HIST-04,OUTGOING,VOICE
CDR-RECYCLE-26225-1217,+91-9810011223,+91-9113573665,2025-04-07T10:00:00Z,124,TOWER-HIST-08,OUTGOING,VOICE
CDR-RECYCLE-26225-1218,+91-9810011223,+91-9111663783,2025-06-12T10:00:00Z,165,TOWER-HIST-04,OUTGOING,VOICE
CDR-RECYCLE-26225-1219,+91-9810011223,+91-9118862306,2025-05-20T10:00:00Z,69,TOWER-HIST-10,OUTGOING,VOICE
CDR-RECYCLE-26225-1220,+91-9810011223,+91-9163382634,2025-03-20T10:00:00Z,59,TOWER-HIST-03,OUTGOING,VOICE
CDR-RECYCLE-26225-1221,+91-9810011223,+91-9128718799,2025-02-09T10:00:00Z,161,TOWER-HIST-09,OUTGOING,VOICE
CDR-RECYCLE-26225-1222,+91-9810011223,+91-9147144069,2025-01-01T10:00:00Z,161,TOWER-HIST-10,OUTGOING,VOICE
CDR-RECYCLE-26225-1223,+91-9810011223,+91-9192772300,2025-04-23T10:00:00Z,18,TOWER-HIST-04,OUTGOING,VOICE
CDR-RECYCLE-26225-1224,+91-9810011223,+91-9161109999,2025-06-11T10:00:00Z,83,TOWER-HIST-07,OUTGOING,VOICE
CDR-RECYCLE-26225-1225,+91-9810011223,+91-9125575134,2025-06-27T10:00:00Z,96,TOWER-HIST-02,OUTGOING,VOICE
CDR-RECYCLE-26225-1226,+91-9810011223,+91-9195700113,2025-06-26T10:00:00Z,25,TOWER-HIST-10,OUTGOING,VOICE
CDR-RECYCLE-26225-1227,+91-9810011223,+91-9166119744,2025-05-10T10:00:00Z,114,TOWER-HIST-02,OUTGOING,VOICE
CDR-RECYCLE-26225-1228,+91-9810011223,+91-9143576875,2025-01-01T10:00:00Z,104,TOWER-HIST-04,OUTGOING,VOICE
CDR-RECYCLE-26225-1229,+91-9810011223,+91-9152862687,2025-02-14T10:00:00Z,67,TOWER-HIST-02,OUTGOING,VOICE
CDR-RECYCLE-26225-1230,+91-9810011223,+91-9166314940,2025-04-01T10:00:00Z,30,TOWER-HIST-03,OUTGOING,VOICE
CDR-RECYCLE-26225-1231,+91-9810011223,+91-9173570296,2025-05-11T10:00:00Z,26,TOWER-HIST-03,OUTGOING,VOICE
CDR-RECYCLE-26225-1232,+91-9810011223,+91-9162265539,2025-01-01T10:00:00Z,109,TOWER-HIST-09,OUTGOING,VOICE
CDR-RECYCLE-26225-1233,+91-9810011223,+91-9186502071,2025-05-23T10:00:00Z,101,TOWER-HIST-05,OUTGOING,VOICE
CDR-RECYCLE-26225-1234,+91-9810011223,+91-9155672325,2025-04-12T10:00:00Z,45,TOWER-HIST-05,OUTGOING,VOICE
CDR-RECYCLE-26225-1235,+91-9810011223,+91-9110171493,2025-04-23T10:00:00Z,126,TOWER-HIST-03,OUTGOING,VOICE
CDR-RECYCLE-26225-1236,+91-9810011223,+91-9193755008,2025-01-03T10:00:00Z,118,TOWER-HIST-10,OUTGOING,VOICE
CDR-RECYCLE-26225-1237,+91-9810011223,+91-9167201446,2025-06-03T10:00:00Z,116,TOWER-HIST-02,OUTGOING,VOICE
CDR-RECYCLE-26225-1238,+91-9810011223,+91-9132313855,2025-02-23T10:00:00Z,118,TOWER-HIST-10,OUTGOING,VOICE
CDR-RECYCLE-26225-1239,+91-9810011223,+91-9149943096,2025-03-10T10:00:00Z,144,TOWER-HIST-09,OUTGOING,VOICE
CDR-RECYCLE-26225-1240,+91-9810011223,+91-9160930527,2025-05-01T10:00:00Z,127,TOWER-HIST-08,OUTGOING,VOICE
CDR-RECYCLE-26225-1241,+91-9810011223,+91-9146878225,2025-06-09T10:00:00Z,177,TOWER-HIST-05,OUTGOING,VOICE
CDR-RECYCLE-26225-1242,+91-9810011223,+91-9164299725,2025-03-02T10:00:00Z,17,TOWER-HIST-07,OUTGOING,VOICE
CDR-RECYCLE-26225-1243,+91-9810011223,+91-9165701742,2025-01-20T10:00:00Z,84,TOWER-HIST-04,OUTGOING,VOICE
CDR-RECYCLE-26225-1244,+91-9810011223,+91-9157638301,2025-02-07T10:00:00Z,29,TOWER-HIST-02,OUTGOING,VOICE
CDR-RECYCLE-26225-1245,+91-9810011223,+91-9169360913,2025-01-22T10:00:00Z,54,TOWER-HIST-01,OUTGOING,VOICE
CDR-RECYCLE-26225-1246,+91-9810011223,+91-9187946079,2025-04-20T10:00:00Z,101,TOWER-HIST-01,OUTGOING,VOICE
CDR-RECYCLE-26225-1247,+91-9810011223,+91-9190919062,2025-03-02T10:00:00Z,107,TOWER-HIST-09,OUTGOING,VOICE
CDR-RECYCLE-26225-1248,+91-9810011223,+91-9137259181,2025-03-19T10:00:00Z,143,TOWER-HIST-03,OUTGOING,VOICE
CDR-RECYCLE-26225-1249,+91-9810011223,+91-9115641906,2025-04-16T10:00:00Z,118,TOWER-HIST-07,OUTGOING,VOICE
CDR-RECYCLE-26225-1250,+91-9810011223,+91-9153685090,2025-04-07T10:00:00Z,166,TOWER-HIST-05,OUTGOING,VOICE
CDR-RECYCLE-26225-1251,+91-9810011223,+91-9110305705,2025-04-19T10:00:00Z,98,TOWER-HIST-01,OUTGOING,VOICE
CDR-RECYCLE-26225-1252,+91-9810011223,+91-9185232724,2025-01-02T10:00:00Z,131,TOWER-HIST-04,OUTGOING,VOICE
CDR-RECYCLE-26225-1253,+91-9810011223,+91-9149736931,2025-05-04T10:00:00Z,141,TOWER-HIST-05,OUTGOING,VOICE
CDR-RECYCLE-26225-1254,+91-9810011223,+91-9149309099,2025-04-24T10:00:00Z,15,TOWER-HIST-08,OUTGOING,VOICE
CDR-RECYCLE-26225-1255,+91-9810011223,+91-9169711164,2025-03-18T10:00:00Z,50,TOWER-HIST-04,OUTGOING,VOICE
CDR-RECYCLE-26225-1256,+91-9810011223,+91-9153640221,2025-05-22T10:00:00Z,166,TOWER-HIST-04,OUTGOING,VOICE
CDR-RECYCLE-26225-1257,+91-9810011223,+91-9175290265,2025-02-16T10:00:00Z,20,TOWER-HIST-03,OUTGOING,VOICE
CDR-RECYCLE-26225-1258,+91-9810011223,+91-9175044137,2025-01-06T10:00:00Z,158,TOWER-HIST-01,OUTGOING,VOICE
CDR-RECYCLE-26225-1259,+91-9810011223,+91-9123193965,2025-06-23T10:00:00Z,50,TOWER-HIST-06,OUTGOING,VOICE
CDR-RECYCLE-26225-1260,+91-9810011223,+91-9189811671,2025-04-22T10:00:00Z,88,TOWER-HIST-04,OUTGOING,VOICE
CDR-RECYCLE-26225-1261,+91-9810011223,+91-9106197002,2025-03-25T10:00:00Z,155,TOWER-HIST-09,OUTGOING,VOICE
CDR-RECYCLE-26225-1262,+91-9810011223,+91-9167509845,2025-02-23T10:00:00Z,92,TOWER-HIST-06,OUTGOING,VOICE
CDR-RECYCLE-26225-1263,+91-9810011223,+91-9108680341,2025-04-27T10:00:00Z,35,TOWER-HIST-03,OUTGOING,VOICE
CDR-RECYCLE-26225-1264,+91-9810011223,+91-9183578351,2025-03-25T10:00:00Z,120,TOWER-HIST-06,OUTGOING,VOICE
CDR-RECYCLE-26225-1265,+91-9810011223,+91-9190741844,2025-06-26T10:00:00Z,169,TOWER-HIST-10,OUTGOING,VOICE
CDR-RECYCLE-26225-1266,+91-9810011223,+91-9130457327,2025-03-22T10:00:00Z,50,TOWER-HIST-06,OUTGOING,VOICE
CDR-RECYCLE-26225-1267,+91-9810011223,+91-9124305293,2025-02-07T10:00:00Z,144,TOWER-HIST-02,OUTGOING,VOICE
CDR-RECYCLE-26225-1268,+91-9810011223,+91-9139619733,2025-05-20T10:00:00Z,141,TOWER-HIST-04,OUTGOING,VOICE
CDR-RECYCLE-26225-1269,+91-9810011223,+91-9132268967,2025-01-16T10:00:00Z,17,TOWER-HIST-10,OUTGOING,VOICE
CDR-RECYCLE-26225-1270,+91-9810011223,+91-9195295714,2025-03-24T10:00:00Z,53,TOWER-HIST-02,OUTGOING,VOICE
CDR-RECYCLE-26225-1271,+91-9810011223,+91-9199844657,2025-03-05T10:00:00Z,93,TOWER-HIST-08,OUTGOING,VOICE
CDR-RECYCLE-26225-1272,+91-9810011223,+91-9186990689,2025-06-14T10:00:00Z,164,TOWER-HIST-03,OUTGOING,VOICE
CDR-RECYCLE-26225-1273,+91-9810011223,+91-9179811581,2025-01-13T10:00:00Z,173,TOWER-HIST-06,OUTGOING,VOICE
CDR-RECYCLE-26225-1274,+91-9810011223,+91-9130278039,2025-02-02T10:00:00Z,157,TOWER-HIST-09,OUTGOING,VOICE
CDR-RECYCLE-26225-1275,+91-9810011223,+91-9105746149,2025-04-17T10:00:00Z,31,TOWER-HIST-07,OUTGOING,VOICE
CDR-RECYCLE-26225-1276,+91-9810011223,+91-9165251465,2025-04-19T10:00:00Z,166,TOWER-HIST-08,OUTGOING,VOICE
CDR-RECYCLE-26225-1277,+91-9810011223,+91-9118305328,2025-04-09T10:00:00Z,133,TOWER-HIST-05,OUTGOING,VOICE
CDR-RECYCLE-26225-1278,+91-9810011223,+91-9163370901,2025-04-17T10:00:00Z,120,TOWER-HIST-02,OUTGOING,VOICE
CDR-RECYCLE-26225-1279,+91-9810011223,+91-9125617231,2025-06-27T10:00:00Z,31,TOWER-HIST-03,OUTGOING,VOICE
CDR-RECYCLE-26225-1280,+91-9810011223,+91-9128575018,2025-01-02T10:00:00Z,97,TOWER-HIST-09,OUTGOING,VOICE
CDR-RECYCLE-26225-1281,+91-9810011223,+91-9148550059,2025-03-27T10:00:00Z,60,TOWER-HIST-04,OUTGOING,VOICE
CDR-RECYCLE-26225-1282,+91-9810011223,+91-9197589888,2025-02-06T10:00:00Z,26,TOWER-HIST-03,OUTGOING,VOICE
CDR-RECYCLE-26225-1283,+91-9810011223,+91-9170082570,2025-04-18T10:00:00Z,43,TOWER-HIST-09,OUTGOING,VOICE
CDR-RECYCLE-26225-1284,+91-9810011223,+91-9108877444,2025-02-06T10:00:00Z,173,TOWER-HIST-06,OUTGOING,VOICE
CDR-RECYCLE-26225-1285,+91-9810011223,+91-9141771629,2025-05-02T10:00:00Z,45,TOWER-HIST-07,OUTGOING,VOICE
CDR-RECYCLE-26225-1286,+91-9810011223,+91-9195155891,2025-02-21T10:00:00Z,92,TOWER-HIST-06,OUTGOING,VOICE
CDR-RECYCLE-26225-1287,+91-9810011223,+91-9160950017,2025-06-14T10:00:00Z,77,TOWER-HIST-08,OUTGOING,VOICE
CDR-RECYCLE-26225-1288,+91-9810011223,+91-9146501786,2025-04-21T10:00:00Z,131,TOWER-HIST-01,OUTGOING,VOICE
CDR-RECYCLE-26225-1289,+91-9810011223,+91-9181732871,2025-03-09T10:00:00Z,164,TOWER-HIST-10,OUTGOING,VOICE
CDR-RECYCLE-26225-1290,+91-9810011223,+91-9173678081,2025-06-26T10:00:00Z,51,TOWER-HIST-06,OUTGOING,VOICE
CDR-RECYCLE-26225-1291,+91-9810011223,+91-9183493052,2025-03-07T10:00:00Z,103,TOWER-HIST-08,OUTGOING,VOICE
CDR-RECYCLE-26225-1292,+91-9810011223,+91-9188127575,2025-04-07T10:00:00Z,71,TOWER-HIST-08,OUTGOING,VOICE
CDR-RECYCLE-26225-1293,+91-9810011223,+91-9102910299,2025-01-15T10:00:00Z,141,TOWER-HIST-02,OUTGOING,VOICE
CDR-RECYCLE-26225-1294,+91-9810011223,+91-9153899609,2025-03-04T10:00:00Z,37,TOWER-HIST-01,OUTGOING,VOICE
CDR-RECYCLE-26225-1295,+91-9810011223,+91-9185658270,2025-06-09T10:00:00Z,112,TOWER-HIST-04,OUTGOING,VOICE
CDR-RECYCLE-26225-1296,+91-9810011223,+91-9160716907,2025-01-02T10:00:00Z,80,TOWER-HIST-06,OUTGOING,VOICE
CDR-RECYCLE-26225-1297,+91-9810011223,+91-9138580266,2025-03-20T10:00:00Z,139,TOWER-HIST-08,OUTGOING,VOICE
CDR-RECYCLE-26225-1298,+91-9810011223,+91-9153082791,2025-01-21T10:00:00Z,57,TOWER-HIST-01,OUTGOING,VOICE
CDR-RECYCLE-26225-1299,+91-9810011223,+91-9143531187,2025-06-08T10:00:00Z,46,TOWER-HIST-01,OUTGOING,VOICE
CDR-RECYCLE-26225-1300,+91-9810011223,+91-9178585795,2025-06-02T10:00:00Z,142,TOWER-HIST-02,OUTGOING,VOICE
CDR-RECYCLE-26225-1301,+91-9810011223,+91-9156447524,2025-02-23T10:00:00Z,80,TOWER-HIST-10,OUTGOING,VOICE
CDR-RECYCLE-26225-1302,+91-9810011223,+91-9105423363,2025-02-02T10:00:00Z,101,TOWER-HIST-07,OUTGOING,VOICE
CDR-RECYCLE-26225-1303,+91-9810011223,+91-9136526781,2025-01-28T10:00:00Z,105,TOWER-HIST-06,OUTGOING,VOICE
CDR-RECYCLE-26225-1304,+91-9810011223,+91-9190106541,2025-03-23T10:00:00Z,85,TOWER-HIST-06,OUTGOING,VOICE
CDR-RECYCLE-26225-1305,+91-9810011223,+91-9158996004,2025-04-19T10:00:00Z,19,TOWER-HIST-02,OUTGOING,VOICE
CDR-RECYCLE-26225-1306,+91-9810011223,+91-9187334477,2025-03-01T10:00:00Z,148,TOWER-HIST-01,OUTGOING,VOICE
CDR-RECYCLE-26225-1307,+91-9810011223,+91-9109868406,2025-06-15T10:00:00Z,160,TOWER-HIST-08,OUTGOING,VOICE
CDR-RECYCLE-26225-1308,+91-9810011223,+91-9175327411,2025-01-12T10:00:00Z,104,TOWER-HIST-04,OUTGOING,VOICE
CDR-RECYCLE-26225-1309,+91-9810011223,+91-9138820237,2025-06-15T10:00:00Z,44,TOWER-HIST-06,OUTGOING,VOICE
CDR-RECYCLE-26225-1310,+91-9810011223,+91-9104404285,2025-04-23T10:00:00Z,146,TOWER-HIST-02,OUTGOING,VOICE
CDR-RECYCLE-26225-1311,+91-9810011223,+91-9173834732,2025-05-23T10:00:00Z,31,TOWER-HIST-01,OUTGOING,VOICE
CDR-RECYCLE-26225-1312,+91-9810011223,+91-9118998175,2025-03-10T10:00:00Z,46,TOWER-HIST-05,OUTGOING,VOICE
CDR-RECYCLE-26225-1313,+91-9810011223,+91-9180619222,2025-01-06T10:00:00Z,41,TOWER-HIST-09,OUTGOING,VOICE
CDR-RECYCLE-26225-1314,+91-9810011223,+91-9141766909,2025-02-12T10:00:00Z,115,TOWER-HIST-07,OUTGOING,VOICE
CDR-RECYCLE-26225-1315,+91-9810011223,+91-9179917017,2025-01-08T10:00:00Z,110,TOWER-HIST-06,OUTGOING,VOICE
CDR-RECYCLE-26225-1316,+91-9810011223,+91-9106877580,2025-03-17T10:00:00Z,120,TOWER-HIST-05,OUTGOING,VOICE
CDR-RECYCLE-26225-1317,+91-9810011223,+91-9104041943,2025-03-13T10:00:00Z,52,TOWER-HIST-02,OUTGOING,VOICE
CDR-RECYCLE-26225-1318,+91-9810011223,+91-9178126808,2025-06-08T10:00:00Z,91,TOWER-HIST-02,OUTGOING,VOICE
CDR-RECYCLE-26225-1319,+91-9810011223,+91-9102295512,2025-05-22T10:00:00Z,134,TOWER-HIST-05,OUTGOING,VOICE
CDR-RECYCLE-26225-1320,+91-9810011223,+91-9168812500,2025-04-24T10:00:00Z,97,TOWER-HIST-05,OUTGOING,VOICE
CDR-RECYCLE-26225-1321,+91-9810011223,+91-9141902343,2025-03-10T10:00:00Z,29,TOWER-HIST-01,OUTGOING,VOICE
CDR-RECYCLE-26225-1322,+91-9810011223,+91-9132605114,2025-02-03T10:00:00Z,61,TOWER-HIST-10,OUTGOING,VOICE
CDR-RECYCLE-26225-1323,+91-9810011223,+91-9192880600,2025-05-19T10:00:00Z,47,TOWER-HIST-09,OUTGOING,VOICE
CDR-RECYCLE-26225-1324,+91-9810011223,+91-9154356290,2025-02-06T10:00:00Z,178,TOWER-HIST-07,OUTGOING,VOICE
CDR-RECYCLE-26225-1325,+91-9810011223,+91-9154702153,2025-05-04T10:00:00Z,148,TOWER-HIST-07,OUTGOING,VOICE
CDR-RECYCLE-26225-1326,+91-9810011223,+91-9141304573,2025-01-13T10:00:00Z,152,TOWER-HIST-02,OUTGOING,VOICE
CDR-RECYCLE-26225-1327,+91-9810011223,+91-9198152817,2025-02-25T10:00:00Z,150,TOWER-HIST-08,OUTGOING,VOICE
CDR-RECYCLE-26225-1328,+91-9810011223,+91-9101383876,2025-06-21T10:00:00Z,23,TOWER-HIST-06,OUTGOING,VOICE
CDR-RECYCLE-26225-1329,+91-9810011223,+91-9191126087,2025-02-15T10:00:00Z,85,TOWER-HIST-03,OUTGOING,VOICE
CDR-RECYCLE-26225-1330,+91-9810011223,+91-9114019066,2025-05-25T10:00:00Z,127,TOWER-HIST-09,OUTGOING,VOICE
CDR-RECYCLE-26225-1331,+91-9810011223,+91-9106218071,2025-01-12T10:00:00Z,147,TOWER-HIST-07,OUTGOING,VOICE
CDR-RECYCLE-26225-1332,+91-9810011223,+91-9174196943,2025-01-23T10:00:00Z,126,TOWER-HIST-08,OUTGOING,VOICE
CDR-RECYCLE-26225-1333,+91-9810011223,+91-9187468357,2025-05-21T10:00:00Z,44,TOWER-HIST-06,OUTGOING,VOICE
CDR-RECYCLE-26225-1334,+91-9810011223,+91-9130181041,2025-06-15T10:00:00Z,142,TOWER-HIST-03,OUTGOING,VOICE
CDR-RECYCLE-26225-1335,+91-9810011223,+91-9185784128,2025-03-07T10:00:00Z,103,TOWER-HIST-02,OUTGOING,VOICE
CDR-RECYCLE-26225-1336,+91-9810011223,+91-9114157830,2025-02-06T10:00:00Z,164,TOWER-HIST-10,OUTGOING,VOICE
CDR-RECYCLE-26225-1337,+91-9810011223,+91-9148671591,2025-05-28T10:00:00Z,125,TOWER-HIST-06,OUTGOING,VOICE
CDR-RECYCLE-26225-1338,+91-9810011223,+91-9120083030,2025-01-04T10:00:00Z,163,TOWER-HIST-09,OUTGOING,VOICE
CDR-RECYCLE-26225-1339,+91-9810011223,+91-9120747264,2025-01-19T10:00:00Z,122,TOWER-HIST-10,OUTGOING,VOICE
CDR-RECYCLE-26225-1340,+91-9810011223,+91-9101859126,2025-01-19T10:00:00Z,145,TOWER-HIST-03,OUTGOING,VOICE
CDR-RECYCLE-26225-1341,+91-9810011223,+91-9146817329,2025-05-07T10:00:00Z,145,TOWER-HIST-08,OUTGOING,VOICE
CDR-RECYCLE-26225-1342,+91-9810011223,+91-9159018695,2025-01-13T10:00:00Z,94,TOWER-HIST-04,OUTGOING,VOICE
CDR-RECYCLE-26225-1343,+91-9810011223,+91-9131457752,2025-06-04T10:00:00Z,100,TOWER-HIST-01,OUTGOING,VOICE
CDR-RECYCLE-26225-1344,+91-9810011223,+91-9187840968,2025-04-12T10:00:00Z,80,TOWER-HIST-10,OUTGOING,VOICE
CDR-RECYCLE-26225-1345,+91-9810011223,+91-9136142007,2025-01-14T10:00:00Z,116,TOWER-HIST-07,OUTGOING,VOICE
CDR-RECYCLE-26225-1346,+91-9810011223,+91-9126224792,2025-03-25T10:00:00Z,170,TOWER-HIST-04,OUTGOING,VOICE
CDR-RECYCLE-26225-1347,+91-9810011223,+91-9125016454,2025-02-12T10:00:00Z,144,TOWER-HIST-06,OUTGOING,VOICE
CDR-RECYCLE-26225-1348,+91-9810011223,+91-9112086133,2025-03-24T10:00:00Z,40,TOWER-HIST-08,OUTGOING,VOICE
CDR-RECYCLE-26225-1349,+91-9810011223,+91-9108467922,2025-02-08T10:00:00Z,93,TOWER-HIST-06,OUTGOING,VOICE
CDR-RECYCLE-26225-1350,+91-9810011223,+91-9173160592,2025-04-27T10:00:00Z,136,TOWER-HIST-07,OUTGOING,VOICE
CDR-RECYCLE-26225-1351,+91-9810011223,+91-9194138625,2025-02-28T10:00:00Z,117,TOWER-HIST-05,OUTGOING,VOICE
CDR-RECYCLE-26225-1352,+91-9810011223,+91-9101811255,2025-05-28T10:00:00Z,122,TOWER-HIST-04,OUTGOING,VOICE
CDR-RECYCLE-26225-1353,+91-9810011223,+91-9187459975,2025-03-11T10:00:00Z,57,TOWER-HIST-07,OUTGOING,VOICE
CDR-RECYCLE-26225-1354,+91-9810011223,+91-9156919565,2025-06-10T10:00:00Z,148,TOWER-HIST-08,OUTGOING,VOICE
CDR-RECYCLE-26225-1355,+91-9810011223,+91-9154790195,2025-06-14T10:00:00Z,56,TOWER-HIST-08,OUTGOING,VOICE
CDR-RECYCLE-26225-1356,+91-9810011223,+91-9197186625,2025-06-18T10:00:00Z,32,TOWER-HIST-06,OUTGOING,VOICE
CDR-RECYCLE-26225-1357,+91-9810011223,+91-9110121086,2025-03-14T10:00:00Z,127,TOWER-HIST-05,OUTGOING,VOICE
CDR-RECYCLE-26225-1358,+91-9810011223,+91-9135148580,2025-04-13T10:00:00Z,69,TOWER-HIST-05,OUTGOING,VOICE
CDR-RECYCLE-26225-1359,+91-9810011223,+91-9182256819,2025-02-25T10:00:00Z,58,TOWER-HIST-02,OUTGOING,VOICE
CDR-RECYCLE-26225-1360,+91-9810011223,+91-9190929776,2025-01-15T10:00:00Z,122,TOWER-HIST-08,OUTGOING,VOICE
CDR-RECYCLE-26225-1361,+91-9810011223,+91-9116810029,2025-05-03T10:00:00Z,45,TOWER-HIST-08,OUTGOING,VOICE
CDR-RECYCLE-26225-1362,+91-9810011223,+91-9191943765,2025-03-17T10:00:00Z,84,TOWER-HIST-05,OUTGOING,VOICE
CDR-RECYCLE-26225-1363,+91-9810011223,+91-9194916978,2025-06-27T10:00:00Z,146,TOWER-HIST-01,OUTGOING,VOICE
CDR-RECYCLE-26225-1364,+91-9810011223,+91-9188951178,2025-06-05T10:00:00Z,28,TOWER-HIST-06,OUTGOING,VOICE
CDR-RECYCLE-26225-1365,+91-9810011223,+91-9122289368,2025-05-19T10:00:00Z,78,TOWER-HIST-07,OUTGOING,VOICE
CDR-RECYCLE-26225-1366,+91-9810011223,+91-9155245180,2025-03-08T10:00:00Z,178,TOWER-HIST-02,OUTGOING,VOICE
CDR-RECYCLE-26225-1367,+91-9810011223,+91-9150797532,2025-05-27T10:00:00Z,158,TOWER-HIST-02,OUTGOING,VOICE
CDR-RECYCLE-26225-1368,+91-9810011223,+91-9171370777,2025-05-14T10:00:00Z,86,TOWER-HIST-05,OUTGOING,VOICE
CDR-RECYCLE-26225-1369,+91-9810011223,+91-9135135226,2025-02-25T10:00:00Z,110,TOWER-HIST-08,OUTGOING,VOICE
CDR-RECYCLE-26225-1370,+91-9810011223,+91-9144929167,2025-01-12T10:00:00Z,126,TOWER-HIST-03,OUTGOING,VOICE
CDR-RECYCLE-26225-1371,+91-9810011223,+91-9129094791,2025-04-20T10:00:00Z,149,TOWER-HIST-02,OUTGOING,VOICE
CDR-RECYCLE-26225-1372,+91-9810011223,+91-9120892765,2025-06-20T10:00:00Z,174,TOWER-HIST-02,OUTGOING,VOICE
CDR-RECYCLE-26225-1373,+91-9810011223,+91-9158625423,2025-06-15T10:00:00Z,44,TOWER-HIST-09,OUTGOING,VOICE
CDR-RECYCLE-26225-1374,+91-9810011223,+91-9199615265,2025-06-10T10:00:00Z,55,TOWER-HIST-06,OUTGOING,VOICE
CDR-RECYCLE-26225-1375,+91-9810011223,+91-9114311700,2025-01-14T10:00:00Z,50,TOWER-HIST-06,OUTGOING,VOICE
CDR-RECYCLE-26225-1376,+91-9810011223,+91-9176718469,2025-02-16T10:00:00Z,173,TOWER-HIST-04,OUTGOING,VOICE
CDR-RECYCLE-26225-1377,+91-9810011223,+91-9110048439,2025-05-12T10:00:00Z,66,TOWER-HIST-04,OUTGOING,VOICE
CDR-RECYCLE-26225-1378,+91-9810011223,+91-9109147190,2025-04-20T10:00:00Z,36,TOWER-HIST-03,OUTGOING,VOICE
CDR-RECYCLE-26225-1379,+91-9810011223,+91-9109361387,2025-06-22T10:00:00Z,135,TOWER-HIST-08,OUTGOING,VOICE
CDR-RECYCLE-26225-1380,+91-9810011223,+91-9138765223,2025-06-18T10:00:00Z,42,TOWER-HIST-10,OUTGOING,VOICE
CDR-RECYCLE-26225-1381,+91-9810011223,+91-9112175983,2025-04-08T10:00:00Z,54,TOWER-HIST-01,OUTGOING,VOICE
CDR-RECYCLE-26225-1382,+91-9810011223,+91-9113381316,2025-04-10T10:00:00Z,23,TOWER-HIST-04,OUTGOING,VOICE
CDR-RECYCLE-26225-1383,+91-9810011223,+91-9119019973,2025-04-16T10:00:00Z,149,TOWER-HIST-08,OUTGOING,VOICE
CDR-RECYCLE-26225-1384,+91-9810011223,+91-9149074097,2025-03-06T10:00:00Z,171,TOWER-HIST-03,OUTGOING,VOICE
CDR-RECYCLE-26225-1385,+91-9810011223,+91-9162582755,2025-02-17T10:00:00Z,73,TOWER-HIST-10,OUTGOING,VOICE
CDR-RECYCLE-26225-1386,+91-9810011223,+91-9135485693,2025-06-16T10:00:00Z,127,TOWER-HIST-09,OUTGOING,VOICE
CDR-RECYCLE-26225-1387,+91-9810011223,+91-9116134078,2025-05-20T10:00:00Z,124,TOWER-HIST-10,OUTGOING,VOICE
CDR-RECYCLE-26225-1388,+91-9810011223,+91-9184613488,2025-01-26T10:00:00Z,145,TOWER-HIST-08,OUTGOING,VOICE
CDR-RECYCLE-26225-1389,+91-9810011223,+91-9198511581,2025-01-20T10:00:00Z,146,TOWER-HIST-03,OUTGOING,VOICE
CDR-RECYCLE-26225-1390,+91-9810011223,+91-9159875961,2025-01-06T10:00:00Z,151,TOWER-HIST-04,OUTGOING,VOICE
CDR-RECYCLE-26225-1391,+91-9810011223,+91-9167176575,2025-02-02T10:00:00Z,63,TOWER-HIST-04,OUTGOING,VOICE
CDR-RECYCLE-26225-1392,+91-9810011223,+91-9110086504,2025-05-03T10:00:00Z,155,TOWER-HIST-10,OUTGOING,VOICE
CDR-RECYCLE-26225-1393,+91-9810011223,+91-9175956663,2025-04-02T10:00:00Z,152,TOWER-HIST-05,OUTGOING,VOICE
CDR-RECYCLE-26225-1394,+91-9810011223,+91-9118163267,2025-02-23T10:00:00Z,63,TOWER-HIST-03,OUTGOING,VOICE
CDR-RECYCLE-26225-1395,+91-9810011223,+91-9130150313,2025-03-15T10:00:00Z,156,TOWER-HIST-04,OUTGOING,VOICE
CDR-RECYCLE-26225-1396,+91-9810011223,+91-9150174754,2025-06-03T10:00:00Z,91,TOWER-HIST-06,OUTGOING,VOICE
CDR-RECYCLE-26225-1397,+91-9810011223,+91-9197746679,2025-02-07T10:00:00Z,156,TOWER-HIST-08,OUTGOING,VOICE
CDR-RECYCLE-26225-1398,+91-9810011223,+91-9122580146,2025-03-20T10:00:00Z,44,TOWER-HIST-08,OUTGOING,VOICE
CDR-RECYCLE-26225-1399,+91-9810011223,+91-9197864128,2025-03-11T10:00:00Z,29,TOWER-HIST-04,OUTGOING,VOICE
CDR-RECYCLE-26225-1400,+91-9810011223,+91-9168830807,2025-02-12T10:00:00Z,55,TOWER-HIST-08,OUTGOING,VOICE
CDR-RECYCLE-26225-1401,+91-9810011223,+91-9126911757,2025-04-23T10:00:00Z,136,TOWER-HIST-03,OUTGOING,VOICE
CDR-RECYCLE-26225-1402,+91-9810011223,+91-9150952242,2025-01-22T10:00:00Z,104,TOWER-HIST-03,OUTGOING,VOICE
CDR-RECYCLE-26225-1403,+91-9810011223,+91-9138316545,2025-05-26T10:00:00Z,25,TOWER-HIST-06,OUTGOING,VOICE
CDR-RECYCLE-26225-1404,+91-9810011223,+91-9194796966,2025-04-27T10:00:00Z,76,TOWER-HIST-08,OUTGOING,VOICE
CDR-RECYCLE-26225-1405,+91-9810011223,+91-9110158721,2025-01-22T10:00:00Z,102,TOWER-HIST-06,OUTGOING,VOICE
CDR-RECYCLE-26225-1406,+91-9810011223,+91-9184261568,2025-01-12T10:00:00Z,160,TOWER-HIST-08,OUTGOING,VOICE
CDR-RECYCLE-26225-1407,+91-9810011223,+91-9172557693,2025-02-02T10:00:00Z,21,TOWER-HIST-03,OUTGOING,VOICE
CDR-RECYCLE-26225-1408,+91-9810011223,+91-9189860336,2025-01-21T10:00:00Z,24,TOWER-HIST-07,OUTGOING,VOICE
CDR-RECYCLE-26225-1409,+91-9810011223,+91-9144955088,2025-03-23T10:00:00Z,141,TOWER-HIST-06,OUTGOING,VOICE
CDR-RECYCLE-26225-1410,+91-9810011223,+91-9161487885,2025-01-03T10:00:00Z,22,TOWER-HIST-02,OUTGOING,VOICE
CDR-RECYCLE-26225-1411,+91-9810011223,+91-9178919218,2025-03-14T10:00:00Z,175,TOWER-HIST-09,OUTGOING,VOICE
CDR-RECYCLE-26225-1412,+91-9810011223,+91-9158965077,2025-06-26T10:00:00Z,173,TOWER-HIST-01,OUTGOING,VOICE
CDR-RECYCLE-26225-1413,+91-9810011223,+91-9196599140,2025-06-19T10:00:00Z,134,TOWER-HIST-09,OUTGOING,VOICE
CDR-RECYCLE-26225-1414,+91-9810011223,+91-9142481402,2025-03-22T10:00:00Z,82,TOWER-HIST-09,OUTGOING,VOICE
CDR-RECYCLE-26225-1415,+91-9810011223,+91-9183349218,2025-04-20T10:00:00Z,119,TOWER-HIST-07,OUTGOING,VOICE
CDR-RECYCLE-26225-1416,+91-9810011223,+91-9172062715,2025-01-03T10:00:00Z,19,TOWER-HIST-09,OUTGOING,VOICE
CDR-RECYCLE-26225-1417,+91-9810011223,+91-9128497267,2025-06-17T10:00:00Z,101,TOWER-HIST-02,OUTGOING,VOICE
CDR-RECYCLE-26225-1418,+91-9810011223,+91-9161665985,2025-03-18T10:00:00Z,171,TOWER-HIST-10,OUTGOING,VOICE
CDR-RECYCLE-26225-1419,+91-9810011223,+91-9186843101,2025-05-16T10:00:00Z,137,TOWER-HIST-01,OUTGOING,VOICE
CDR-RECYCLE-26225-1420,+91-9810011223,+91-9101702155,2025-04-24T10:00:00Z,87,TOWER-HIST-01,OUTGOING,VOICE
CDR-RECYCLE-26225-1421,+91-9810011223,+91-9189389110,2025-01-12T10:00:00Z,41,TOWER-HIST-01,OUTGOING,VOICE
CDR-RECYCLE-26225-1422,+91-9810011223,+91-9152192545,2025-06-17T10:00:00Z,47,TOWER-HIST-01,OUTGOING,VOICE
CDR-RECYCLE-26225-1423,+91-9810011223,+91-9136114542,2025-04-20T10:00:00Z,153,TOWER-HIST-08,OUTGOING,VOICE
CDR-RECYCLE-26225-1424,+91-9810011223,+91-9196351022,2025-01-06T10:00:00Z,176,TOWER-HIST-02,OUTGOING,VOICE
CDR-RECYCLE-26225-1425,+91-9810011223,+91-9141182065,2025-01-11T10:00:00Z,164,TOWER-HIST-03,OUTGOING,VOICE
CDR-RECYCLE-26225-1426,+91-9810011223,+91-9141590237,2025-05-25T10:00:00Z,43,TOWER-HIST-06,OUTGOING,VOICE
CDR-RECYCLE-26225-1427,+91-9810011223,+91-9113165163,2025-03-08T10:00:00Z,98,TOWER-HIST-06,OUTGOING,VOICE
CDR-RECYCLE-26225-1428,+91-9810011223,+91-9157448943,2025-02-04T10:00:00Z,45,TOWER-HIST-01,OUTGOING,VOICE
CDR-RECYCLE-26225-1429,+91-9810011223,+91-9198077252,2025-03-14T10:00:00Z,113,TOWER-HIST-10,OUTGOING,VOICE
CDR-RECYCLE-26225-1430,+91-9810011223,+91-9117208990,2025-01-22T10:00:00Z,176,TOWER-HIST-01,OUTGOING,VOICE
CDR-RECYCLE-26225-1431,+91-9810011223,+91-9191206755,2025-01-02T10:00:00Z,180,TOWER-HIST-02,OUTGOING,VOICE
CDR-RECYCLE-26225-1432,+91-9810011223,+91-9166799863,2025-01-09T10:00:00Z,20,TOWER-HIST-03,OUTGOING,VOICE
CDR-RECYCLE-26225-1433,+91-9810011223,+91-9189989880,2025-02-23T10:00:00Z,98,TOWER-HIST-06,OUTGOING,VOICE
CDR-RECYCLE-26225-1434,+91-9810011223,+91-9122603408,2025-01-08T10:00:00Z,137,TOWER-HIST-10,OUTGOING,VOICE
CDR-RECYCLE-26225-1435,+91-9810011223,+91-9107134736,2025-03-22T10:00:00Z,130,TOWER-HIST-10,OUTGOING,VOICE
CDR-RECYCLE-26225-1436,+91-9810011223,+91-9151003805,2025-05-05T10:00:00Z,96,TOWER-HIST-07,OUTGOING,VOICE
CDR-RECYCLE-26225-1437,+91-9810011223,+91-9146232871,2025-04-13T10:00:00Z,82,TOWER-HIST-05,OUTGOING,VOICE
CDR-RECYCLE-26225-1438,+91-9810011223,+91-9128064070,2025-06-11T10:00:00Z,164,TOWER-HIST-06,OUTGOING,VOICE
CDR-RECYCLE-26225-1439,+91-9810011223,+91-9121900617,2025-05-28T10:00:00Z,85,TOWER-HIST-06,OUTGOING,VOICE
CDR-RECYCLE-26225-1440,+91-9810011223,+91-9151061467,2025-03-20T10:00:00Z,155,TOWER-HIST-04,OUTGOING,VOICE
CDR-RECYCLE-26225-1441,+91-9810011223,+91-9199833141,2025-02-05T10:00:00Z,172,TOWER-HIST-07,OUTGOING,VOICE
CDR-RECYCLE-26225-1442,+91-9810011223,+91-9134119462,2025-01-26T10:00:00Z,41,TOWER-HIST-10,OUTGOING,VOICE
CDR-RECYCLE-26225-1443,+91-9810011223,+91-9151070188,2025-05-13T10:00:00Z,148,TOWER-HIST-08,OUTGOING,VOICE
CDR-RECYCLE-26225-1444,+91-9810011223,+91-9152723846,2025-05-27T10:00:00Z,161,TOWER-HIST-01,OUTGOING,VOICE
CDR-RECYCLE-26225-1445,+91-9810011223,+91-9116479235,2025-04-02T10:00:00Z,67,TOWER-HIST-06,OUTGOING,VOICE
CDR-RECYCLE-26225-1446,+91-9810011223,+91-9182107099,2025-03-18T10:00:00Z,110,TOWER-HIST-02,OUTGOING,VOICE
CDR-RECYCLE-26225-1447,+91-9810011223,+91-9105922645,2025-05-10T10:00:00Z,156,TOWER-HIST-05,OUTGOING,VOICE
CDR-RECYCLE-26225-1448,+91-9810011223,+91-9167894715,2025-03-20T10:00:00Z,129,TOWER-HIST-07,OUTGOING,VOICE
CDR-RECYCLE-26225-1449,+91-9810011223,+91-9191215458,2025-05-22T10:00:00Z,80,TOWER-HIST-01,OUTGOING,VOICE
CDR-RECYCLE-26225-1450,+91-9810011223,+91-9136752623,2025-05-26T10:00:00Z,57,TOWER-HIST-06,OUTGOING,VOICE
CDR-RECYCLE-26225-1451,+91-9810011223,+91-9113553282,2025-06-21T10:00:00Z,112,TOWER-HIST-05,OUTGOING,VOICE
CDR-RECYCLE-26225-1452,+91-9810011223,+91-9138716345,2025-03-23T10:00:00Z,158,TOWER-HIST-01,OUTGOING,VOICE
CDR-RECYCLE-26225-1453,+91-9810011223,+91-9181633895,2025-02-10T10:00:00Z,36,TOWER-HIST-08,OUTGOING,VOICE
CDR-RECYCLE-26225-1454,+91-9810011223,+91-9177522880,2025-03-10T10:00:00Z,16,TOWER-HIST-10,OUTGOING,VOICE
CDR-RECYCLE-26225-1455,+91-9810011223,+91-9159613445,2025-06-16T10:00:00Z,155,TOWER-HIST-03,OUTGOING,VOICE
CDR-RECYCLE-26225-1456,+91-9810011223,+91-9130281934,2025-06-03T10:00:00Z,140,TOWER-HIST-06,OUTGOING,VOICE
CDR-RECYCLE-26225-1457,+91-9810011223,+91-9105688405,2025-03-21T10:00:00Z,67,TOWER-HIST-10,OUTGOING,VOICE
CDR-RECYCLE-26225-1458,+91-9810011223,+91-9115703658,2025-03-10T10:00:00Z,106,TOWER-HIST-09,OUTGOING,VOICE
CDR-RECYCLE-26225-1459,+91-9810011223,+91-9133712242,2025-03-02T10:00:00Z,125,TOWER-HIST-04,OUTGOING,VOICE
CDR-RECYCLE-26225-1460,+91-9810011223,+91-9157415266,2025-01-08T10:00:00Z,40,TOWER-HIST-02,OUTGOING,VOICE
CDR-RECYCLE-26225-1461,+91-9810011223,+91-9178801600,2025-01-23T10:00:00Z,34,TOWER-HIST-07,OUTGOING,VOICE
CDR-RECYCLE-26225-1462,+91-9810011223,+91-9198898972,2025-01-19T10:00:00Z,75,TOWER-HIST-08,OUTGOING,VOICE
CDR-RECYCLE-26225-1463,+91-9810011223,+91-9155604344,2025-01-10T10:00:00Z,138,TOWER-HIST-09,OUTGOING,VOICE
CDR-RECYCLE-26225-1464,+91-9810011223,+91-9187268958,2025-04-10T10:00:00Z,20,TOWER-HIST-01,OUTGOING,VOICE
CDR-RECYCLE-26225-1465,+91-9810011223,+91-9136109788,2025-05-04T10:00:00Z,63,TOWER-HIST-03,OUTGOING,VOICE
CDR-RECYCLE-26225-1466,+91-9810011223,+91-9112103639,2025-06-01T10:00:00Z,99,TOWER-HIST-01,OUTGOING,VOICE
CDR-RECYCLE-26225-1467,+91-9810011223,+91-9119618320,2025-01-06T10:00:00Z,37,TOWER-HIST-01,OUTGOING,VOICE
CDR-RECYCLE-26225-1468,+91-9810011223,+91-9155964381,2025-03-02T10:00:00Z,129,TOWER-HIST-04,OUTGOING,VOICE
CDR-RECYCLE-26225-1469,+91-9810011223,+91-9122750010,2025-03-25T10:00:00Z,66,TOWER-HIST-06,OUTGOING,VOICE
CDR-RECYCLE-26225-1470,+91-9810011223,+91-9137909441,2025-02-28T10:00:00Z,71,TOWER-HIST-08,OUTGOING,VOICE
CDR-RECYCLE-26225-1471,+91-9810011223,+91-9156059617,2025-05-15T10:00:00Z,143,TOWER-HIST-08,OUTGOING,VOICE
CDR-RECYCLE-26225-1472,+91-9810011223,+91-9129702475,2025-03-09T10:00:00Z,94,TOWER-HIST-07,OUTGOING,VOICE
CDR-RECYCLE-26225-1473,+91-9810011223,+91-9184581858,2025-04-21T10:00:00Z,95,TOWER-HIST-07,OUTGOING,VOICE
CDR-RECYCLE-26225-1474,+91-9810011223,+91-9141103182,2025-02-17T10:00:00Z,49,TOWER-HIST-06,OUTGOING,VOICE
CDR-RECYCLE-26225-1475,+91-9810011223,+91-9164917922,2025-05-09T10:00:00Z,111,TOWER-HIST-08,OUTGOING,VOICE
CDR-RECYCLE-26225-1476,+91-9810011223,+91-9158043266,2025-04-01T10:00:00Z,161,TOWER-HIST-07,OUTGOING,VOICE
CDR-RECYCLE-26225-1477,+91-9810011223,+91-9148124475,2025-03-06T10:00:00Z,117,TOWER-HIST-06,OUTGOING,VOICE
CDR-RECYCLE-26225-1478,+91-9810011223,+91-9154542877,2025-04-28T10:00:00Z,64,TOWER-HIST-05,OUTGOING,VOICE
CDR-RECYCLE-26225-1479,+91-9810011223,+91-9119986750,2025-04-21T10:00:00Z,111,TOWER-HIST-09,OUTGOING,VOICE
CDR-RECYCLE-26225-1480,+91-9810011223,+91-9145327191,2025-05-10T10:00:00Z,47,TOWER-HIST-03,OUTGOING,VOICE
CDR-RECYCLE-26225-1481,+91-9810011223,+91-9171454885,2025-03-13T10:00:00Z,156,TOWER-HIST-01,OUTGOING,VOICE
CDR-RECYCLE-26225-1482,+91-9810011223,+91-9179706763,2025-02-24T10:00:00Z,175,TOWER-HIST-05,OUTGOING,VOICE
CDR-RECYCLE-26225-1483,+91-9810011223,+91-9187784100,2025-03-24T10:00:00Z,145,TOWER-HIST-07,OUTGOING,VOICE
CDR-RECYCLE-26225-1484,+91-9810011223,+91-9149254066,2025-01-16T10:00:00Z,66,TOWER-HIST-02,OUTGOING,VOICE
CDR-RECYCLE-26225-1485,+91-9810011223,+91-9114834753,2025-02-24T10:00:00Z,141,TOWER-HIST-04,OUTGOING,VOICE
CDR-RECYCLE-26225-1486,+91-9810011223,+91-9151168014,2025-01-23T10:00:00Z,131,TOWER-HIST-05,OUTGOING,VOICE
CDR-RECYCLE-26225-1487,+91-9810011223,+91-9191346424,2025-06-02T10:00:00Z,109,TOWER-HIST-01,OUTGOING,VOICE
CDR-RECYCLE-26225-1488,+91-9810011223,+91-9145940245,2025-02-26T10:00:00Z,100,TOWER-HIST-08,OUTGOING,VOICE
CDR-RECYCLE-26225-1489,+91-9810011223,+91-9110514327,2025-06-03T10:00:00Z,88,TOWER-HIST-10,OUTGOING,VOICE
CDR-RECYCLE-26225-1490,+91-9810011223,+91-9152314051,2025-04-28T10:00:00Z,38,TOWER-HIST-06,OUTGOING,VOICE
CDR-RECYCLE-26225-1491,+91-9810011223,+91-9146694196,2025-03-25T10:00:00Z,162,TOWER-HIST-07,OUTGOING,VOICE
CDR-RECYCLE-26225-1492,+91-9810011223,+91-9113228056,2025-02-02T10:00:00Z,130,TOWER-HIST-08,OUTGOING,VOICE
CDR-RECYCLE-26225-1493,+91-9810011223,+91-9199398080,2025-05-10T10:00:00Z,36,TOWER-HIST-03,OUTGOING,VOICE
CDR-RECYCLE-26225-1494,+91-9810011223,+91-9177243528,2025-01-19T10:00:00Z,22,TOWER-HIST-07,OUTGOING,VOICE
CDR-RECYCLE-26225-1495,+91-9810011223,+91-9154164830,2025-03-22T10:00:00Z,67,TOWER-HIST-02,OUTGOING,VOICE
CDR-RECYCLE-26225-1496,+91-9810011223,+91-9153894235,2025-03-20T10:00:00Z,88,TOWER-HIST-07,OUTGOING,VOICE
CDR-RECYCLE-26225-1497,+91-9810011223,+91-9145202735,2025-05-12T10:00:00Z,162,TOWER-HIST-09,OUTGOING,VOICE
CDR-RECYCLE-26225-1498,+91-9810011223,+91-9124640588,2025-06-06T10:00:00Z,112,TOWER-HIST-05,OUTGOING,VOICE
CDR-RECYCLE-26225-1499,+91-9810011223,+91-9194436371,2025-01-02T10:00:00Z,154,TOWER-HIST-02,OUTGOING,VOICE
CDR-RECYCLE-26225-1500,+91-9810011223,+91-9158118008,2025-05-09T10:00:00Z,116,TOWER-HIST-10,OUTGOING,VOICE
CDR-RECYCLE-26225-1501,+91-9810011223,+91-9134326619,2025-03-04T10:00:00Z,38,TOWER-HIST-03,OUTGOING,VOICE
CDR-RECYCLE-26225-1502,+91-9810011223,+91-9193933572,2025-03-20T10:00:00Z,108,TOWER-HIST-10,OUTGOING,VOICE
CDR-RECYCLE-26225-1503,+91-9810011223,+91-9167605203,2025-03-05T10:00:00Z,34,TOWER-HIST-06,OUTGOING,VOICE
CDR-RECYCLE-26225-1504,+91-9810011223,+91-9191175386,2025-06-27T10:00:00Z,147,TOWER-HIST-04,OUTGOING,VOICE
CDR-RECYCLE-26225-1505,+91-9810011223,+91-9163552627,2025-05-19T10:00:00Z,117,TOWER-HIST-04,OUTGOING,VOICE
CDR-RECYCLE-26225-1506,+91-9810011223,+91-9121415314,2025-01-13T10:00:00Z,103,TOWER-HIST-05,OUTGOING,VOICE
CDR-RECYCLE-26225-1507,+91-9810011223,+91-9105225734,2025-06-08T10:00:00Z,127,TOWER-HIST-05,OUTGOING,VOICE
CDR-RECYCLE-26225-1508,+91-9810011223,+91-9161224405,2025-06-18T10:00:00Z,19,TOWER-HIST-09,OUTGOING,VOICE
CDR-RECYCLE-26225-1509,+91-9810011223,+91-9184148520,2025-04-05T10:00:00Z,170,TOWER-HIST-07,OUTGOING,VOICE
CDR-RECYCLE-26225-1510,+91-9810011223,+91-9120518959,2025-02-08T10:00:00Z,122,TOWER-HIST-02,OUTGOING,VOICE
CDR-RECYCLE-26225-1511,+91-9810011223,+91-9149539494,2025-01-22T10:00:00Z,135,TOWER-HIST-10,OUTGOING,VOICE
CDR-RECYCLE-26225-1512,+91-9810011223,+91-9115993632,2025-05-17T10:00:00Z,76,TOWER-HIST-06,OUTGOING,VOICE
CDR-RECYCLE-26225-1513,+91-9810011223,+91-9105827202,2025-06-09T10:00:00Z,75,TOWER-HIST-08,OUTGOING,VOICE
CDR-RECYCLE-26225-1514,+91-9810011223,+91-9190601423,2025-06-20T10:00:00Z,88,TOWER-HIST-06,OUTGOING,VOICE
CDR-RECYCLE-26225-1515,+91-9810011223,+91-9193771149,2025-06-20T10:00:00Z,41,TOWER-HIST-10,OUTGOING,VOICE
CDR-RECYCLE-26225-1516,+91-9810011223,+91-9111733156,2025-02-01T10:00:00Z,62,TOWER-HIST-08,OUTGOING,VOICE
CDR-RECYCLE-26225-1517,+91-9810011223,+91-9189036334,2025-06-15T10:00:00Z,53,TOWER-HIST-09,OUTGOING,VOICE
CDR-RECYCLE-26225-1518,+91-9810011223,+91-9133115411,2025-04-21T10:00:00Z,126,TOWER-HIST-02,OUTGOING,VOICE
CDR-RECYCLE-26225-1519,+91-9810011223,+91-9184177571,2025-03-12T10:00:00Z,158,TOWER-HIST-09,OUTGOING,VOICE
CDR-RECYCLE-26225-1520,+91-9810011223,+91-9109798968,2025-01-25T10:00:00Z,179,TOWER-HIST-07,OUTGOING,VOICE
CDR-RECYCLE-26225-1521,+91-9810011223,+91-9135845442,2025-05-03T10:00:00Z,25,TOWER-HIST-07,OUTGOING,VOICE
CDR-RECYCLE-26225-1522,+91-9810011223,+91-9180238899,2025-02-12T10:00:00Z,99,TOWER-HIST-09,OUTGOING,VOICE
CDR-RECYCLE-26225-1523,+91-9810011223,+91-9151424096,2025-03-27T10:00:00Z,26,TOWER-HIST-07,OUTGOING,VOICE
CDR-RECYCLE-26225-1524,+91-9810011223,+91-9129558697,2025-03-17T10:00:00Z,71,TOWER-HIST-01,OUTGOING,VOICE
CDR-RECYCLE-26225-1525,+91-9810011223,+91-9160455169,2025-06-25T10:00:00Z,118,TOWER-HIST-03,OUTGOING,VOICE
CDR-RECYCLE-26225-1526,+91-9810011223,+91-9164646486,2025-02-12T10:00:00Z,63,TOWER-HIST-09,OUTGOING,VOICE
CDR-RECYCLE-26225-1527,+91-9810011223,+91-9194117668,2025-02-16T10:00:00Z,34,TOWER-HIST-04,OUTGOING,VOICE
CDR-RECYCLE-26225-1528,+91-9810011223,+91-9149781719,2025-05-20T10:00:00Z,98,TOWER-HIST-02,OUTGOING,VOICE
CDR-RECYCLE-26225-1529,+91-9810011223,+91-9128721444,2025-04-17T10:00:00Z,146,TOWER-HIST-08,OUTGOING,VOICE
CDR-RECYCLE-26225-1530,+91-9810011223,+91-9190290702,2025-01-14T10:00:00Z,32,TOWER-HIST-04,OUTGOING,VOICE
CDR-RECYCLE-26225-1531,+91-9810011223,+91-9188038369,2025-03-20T10:00:00Z,160,TOWER-HIST-06,OUTGOING,VOICE
CDR-RECYCLE-26225-1532,+91-9810011223,+91-9156464032,2025-05-01T10:00:00Z,51,TOWER-HIST-08,OUTGOING,VOICE
CDR-RECYCLE-26225-1533,+91-9810011223,+91-9155187125,2025-02-09T10:00:00Z,88,TOWER-HIST-03,OUTGOING,VOICE
CDR-RECYCLE-26225-1534,+91-9810011223,+91-9147444708,2025-03-08T10:00:00Z,106,TOWER-HIST-05,OUTGOING,VOICE
CDR-RECYCLE-26225-1535,+91-9810011223,+91-9139089704,2025-02-12T10:00:00Z,24,TOWER-HIST-05,OUTGOING,VOICE
CDR-RECYCLE-26225-1536,+91-9810011223,+91-9159095356,2025-04-28T10:00:00Z,90,TOWER-HIST-04,OUTGOING,VOICE
CDR-RECYCLE-26225-1537,+91-9810011223,+91-9166533870,2025-01-23T10:00:00Z,101,TOWER-HIST-05,OUTGOING,VOICE
CDR-RECYCLE-26225-1538,+91-9810011223,+91-9140505634,2025-06-10T10:00:00Z,84,TOWER-HIST-05,OUTGOING,VOICE
CDR-RECYCLE-26225-1539,+91-9810011223,+91-9157078014,2025-02-12T10:00:00Z,153,TOWER-HIST-08,OUTGOING,VOICE
CDR-RECYCLE-26225-1540,+91-9810011223,+91-9103990935,2025-06-11T10:00:00Z,96,TOWER-HIST-04,OUTGOING,VOICE
CDR-RECYCLE-26225-1541,+91-9810011223,+91-9183940371,2025-01-07T10:00:00Z,28,TOWER-HIST-10,OUTGOING,VOICE
CDR-RECYCLE-26225-1542,+91-9810011223,+91-9103158978,2025-06-07T10:00:00Z,65,TOWER-HIST-01,OUTGOING,VOICE
CDR-RECYCLE-26225-1543,+91-9810011223,+91-9108870673,2025-01-20T10:00:00Z,76,TOWER-HIST-06,OUTGOING,VOICE
CDR-RECYCLE-26225-1544,+91-9810011223,+91-9184720415,2025-04-20T10:00:00Z,109,TOWER-HIST-09,OUTGOING,VOICE
CDR-RECYCLE-26225-1545,+91-9810011223,+91-9177871236,2025-03-12T10:00:00Z,26,TOWER-HIST-06,OUTGOING,VOICE
CDR-RECYCLE-26225-1546,+91-9810011223,+91-9122629284,2025-05-20T10:00:00Z,122,TOWER-HIST-09,OUTGOING,VOICE
CDR-RECYCLE-26225-1547,+91-9810011223,+91-9169482648,2025-03-26T10:00:00Z,119,TOWER-HIST-05,OUTGOING,VOICE
CDR-RECYCLE-26225-1548,+91-9810011223,+91-9195356813,2025-06-07T10:00:00Z,64,TOWER-HIST-09,OUTGOING,VOICE
CDR-RECYCLE-26225-1549,+91-9810011223,+91-9118706462,2025-02-27T10:00:00Z,77,TOWER-HIST-06,OUTGOING,VOICE
CDR-RECYCLE-26225-1550,+91-9810011223,+91-9187936814,2025-02-21T10:00:00Z,166,TOWER-HIST-03,OUTGOING,VOICE
CDR-RECYCLE-26225-1551,+91-9810011223,+91-9160243301,2025-04-05T10:00:00Z,154,TOWER-HIST-08,OUTGOING,VOICE
CDR-RECYCLE-26225-1552,+91-9810011223,+91-9146794583,2025-06-20T10:00:00Z,39,TOWER-HIST-09,OUTGOING,VOICE
CDR-RECYCLE-26225-1553,+91-9810011223,+91-9124647623,2025-03-06T10:00:00Z,81,TOWER-HIST-06,OUTGOING,VOICE
CDR-RECYCLE-26225-1554,+91-9810011223,+91-9179370661,2025-04-25T10:00:00Z,33,TOWER-HIST-05,OUTGOING,VOICE
CDR-RECYCLE-26225-1555,+91-9810011223,+91-9155350272,2025-02-13T10:00:00Z,161,TOWER-HIST-10,OUTGOING,VOICE
CDR-RECYCLE-26225-1556,+91-9810011223,+91-9172029678,2025-01-20T10:00:00Z,94,TOWER-HIST-06,OUTGOING,VOICE
CDR-RECYCLE-26225-1557,+91-9810011223,+91-9163384481,2025-02-25T10:00:00Z,21,TOWER-HIST-08,OUTGOING,VOICE
CDR-RECYCLE-26225-1558,+91-9810011223,+91-9111830256,2025-05-04T10:00:00Z,94,TOWER-HIST-01,OUTGOING,VOICE
CDR-RECYCLE-26225-1559,+91-9810011223,+91-9130486404,2025-04-17T10:00:00Z,110,TOWER-HIST-09,OUTGOING,VOICE
CDR-RECYCLE-26225-1560,+91-9810011223,+91-9195052216,2025-04-20T10:00:00Z,89,TOWER-HIST-01,OUTGOING,VOICE
CDR-RECYCLE-26225-1561,+91-9810011223,+91-9118975741,2025-05-26T10:00:00Z,146,TOWER-HIST-05,OUTGOING,VOICE
CDR-RECYCLE-26225-1562,+91-9810011223,+91-9131332512,2025-06-04T10:00:00Z,142,TOWER-HIST-09,OUTGOING,VOICE
CDR-RECYCLE-26225-1563,+91-9810011223,+91-9112161089,2025-02-20T10:00:00Z,163,TOWER-HIST-01,OUTGOING,VOICE
CDR-RECYCLE-26225-1564,+91-9810011223,+91-9119783636,2025-06-24T10:00:00Z,63,TOWER-HIST-02,OUTGOING,VOICE
CDR-RECYCLE-26225-1565,+91-9810011223,+91-9154988261,2025-06-21T10:00:00Z,79,TOWER-HIST-08,OUTGOING,VOICE
CDR-RECYCLE-26225-1566,+91-9810011223,+91-9164157159,2025-03-14T10:00:00Z,144,TOWER-HIST-07,OUTGOING,VOICE
CDR-RECYCLE-26225-1567,+91-9810011223,+91-9196584151,2025-01-07T10:00:00Z,17,TOWER-HIST-05,OUTGOING,VOICE
CDR-RECYCLE-26225-1568,+91-9810011223,+91-9159704642,2025-04-05T10:00:00Z,36,TOWER-HIST-07,OUTGOING,VOICE
CDR-RECYCLE-26225-1569,+91-9810011223,+91-9194764004,2025-04-25T10:00:00Z,121,TOWER-HIST-10,OUTGOING,VOICE
CDR-RECYCLE-26225-1570,+91-9810011223,+91-9123652046,2025-02-25T10:00:00Z,30,TOWER-HIST-05,OUTGOING,VOICE
CDR-RECYCLE-26225-1571,+91-9810011223,+91-9147948868,2025-02-12T10:00:00Z,53,TOWER-HIST-07,OUTGOING,VOICE
CDR-RECYCLE-26225-1572,+91-9810011223,+91-9146474882,2025-03-19T10:00:00Z,35,TOWER-HIST-10,OUTGOING,VOICE
CDR-RECYCLE-26225-1573,+91-9810011223,+91-9110090976,2025-04-15T10:00:00Z,123,TOWER-HIST-08,OUTGOING,VOICE
CDR-RECYCLE-26225-1574,+91-9810011223,+91-9179604880,2025-02-24T10:00:00Z,82,TOWER-HIST-03,OUTGOING,VOICE
CDR-RECYCLE-26225-1575,+91-9810011223,+91-9192430882,2025-06-21T10:00:00Z,81,TOWER-HIST-03,OUTGOING,VOICE
CDR-RECYCLE-26225-1576,+91-9810011223,+91-9116975969,2025-03-15T10:00:00Z,30,TOWER-HIST-03,OUTGOING,VOICE
CDR-RECYCLE-26225-1577,+91-9810011223,+91-9185067981,2025-02-28T10:00:00Z,164,TOWER-HIST-04,OUTGOING,VOICE
CDR-RECYCLE-26225-1578,+91-9810011223,+91-9198787872,2025-05-28T10:00:00Z,153,TOWER-HIST-07,OUTGOING,VOICE
CDR-RECYCLE-26225-1579,+91-9810011223,+91-9122834759,2025-01-20T10:00:00Z,148,TOWER-HIST-06,OUTGOING,VOICE
CDR-RECYCLE-26225-1580,+91-9810011223,+91-9122769132,2025-05-11T10:00:00Z,100,TOWER-HIST-02,OUTGOING,VOICE
CDR-RECYCLE-26225-1581,+91-9810011223,+91-9107277315,2025-05-20T10:00:00Z,149,TOWER-HIST-01,OUTGOING,VOICE
CDR-RECYCLE-26225-1582,+91-9810011223,+91-9191980637,2025-04-08T10:00:00Z,85,TOWER-HIST-01,OUTGOING,VOICE
CDR-RECYCLE-26225-1583,+91-9810011223,+91-9184934963,2025-04-16T10:00:00Z,29,TOWER-HIST-07,OUTGOING,VOICE
CDR-RECYCLE-26225-1584,+91-9810011223,+91-9174857515,2025-04-06T10:00:00Z,177,TOWER-HIST-08,OUTGOING,VOICE
CDR-RECYCLE-26225-1585,+91-9810011223,+91-9112232058,2025-04-23T10:00:00Z,125,TOWER-HIST-08,OUTGOING,VOICE
CDR-RECYCLE-26225-1586,+91-9810011223,+91-9115746788,2025-05-27T10:00:00Z,164,TOWER-HIST-09,OUTGOING,VOICE
CDR-RECYCLE-26225-1587,+91-9810011223,+91-9153738883,2025-01-15T10:00:00Z,116,TOWER-HIST-10,OUTGOING,VOICE
CDR-RECYCLE-26225-1588,+91-9810011223,+91-9125437659,2025-03-22T10:00:00Z,146,TOWER-HIST-04,OUTGOING,VOICE
CDR-RECYCLE-26225-1589,+91-9810011223,+91-9139696362,2025-02-19T10:00:00Z,128,TOWER-HIST-07,OUTGOING,VOICE
CDR-RECYCLE-26225-1590,+91-9810011223,+91-9148200828,2025-04-25T10:00:00Z,82,TOWER-HIST-10,OUTGOING,VOICE
CDR-RECYCLE-26225-1591,+91-9810011223,+91-9118742358,2025-03-04T10:00:00Z,66,TOWER-HIST-03,OUTGOING,VOICE
CDR-RECYCLE-26225-1592,+91-9810011223,+91-9159648102,2025-01-09T10:00:00Z,26,TOWER-HIST-06,OUTGOING,VOICE
CDR-RECYCLE-26225-1593,+91-9810011223,+91-9136519010,2025-01-19T10:00:00Z,75,TOWER-HIST-01,OUTGOING,VOICE
CDR-RECYCLE-26225-1594,+91-9810011223,+91-9137479751,2025-02-08T10:00:00Z,173,TOWER-HIST-02,OUTGOING,VOICE
CDR-RECYCLE-26225-1595,+91-9810011223,+91-9163828161,2025-04-28T10:00:00Z,140,TOWER-HIST-04,OUTGOING,VOICE
CDR-RECYCLE-26225-1596,+91-9810011223,+91-9156641475,2025-04-05T10:00:00Z,67,TOWER-HIST-05,OUTGOING,VOICE
CDR-RECYCLE-26225-1597,+91-9810011223,+91-9115055657,2025-05-16T10:00:00Z,117,TOWER-HIST-01,OUTGOING,VOICE
CDR-RECYCLE-26225-1598,+91-9810011223,+91-9154340205,2025-04-19T10:00:00Z,94,TOWER-HIST-04,OUTGOING,VOICE
CDR-RECYCLE-26225-1599,+91-9810011223,+91-9129753520,2025-01-11T10:00:00Z,138,TOWER-HIST-01,OUTGOING,VOICE
CDR-RECYCLE-26225-1600,+91-9810011223,+91-9141533514,2025-06-18T10:00:00Z,35,TOWER-HIST-03,OUTGOING,VOICE
CDR-RECYCLE-26225-1601,+91-9810011223,+91-9153119707,2025-04-09T10:00:00Z,93,TOWER-HIST-03,OUTGOING,VOICE
CDR-RECYCLE-26225-1602,+91-9810011223,+91-9189645126,2025-05-07T10:00:00Z,73,TOWER-HIST-03,OUTGOING,VOICE
CDR-RECYCLE-26225-1603,+91-9810011223,+91-9132507139,2025-03-01T10:00:00Z,90,TOWER-HIST-01,OUTGOING,VOICE
CDR-RECYCLE-26225-1604,+91-9810011223,+91-9194658127,2025-02-09T10:00:00Z,137,TOWER-HIST-05,OUTGOING,VOICE
CDR-RECYCLE-26225-1605,+91-9810011223,+91-9163240227,2025-06-22T10:00:00Z,121,TOWER-HIST-01,OUTGOING,VOICE
CDR-RECYCLE-26225-1606,+91-9810011223,+91-9197302757,2025-04-17T10:00:00Z,56,TOWER-HIST-08,OUTGOING,VOICE
CDR-RECYCLE-26225-1607,+91-9810011223,+91-9108596871,2025-02-20T10:00:00Z,146,TOWER-HIST-06,OUTGOING,VOICE
CDR-RECYCLE-26225-1608,+91-9810011223,+91-9196715374,2025-02-04T10:00:00Z,139,TOWER-HIST-08,OUTGOING,VOICE
CDR-RECYCLE-26225-1609,+91-9810011223,+91-9121130214,2025-01-10T10:00:00Z,25,TOWER-HIST-03,OUTGOING,VOICE
CDR-RECYCLE-26225-1610,+91-9810011223,+91-9195812977,2025-04-25T10:00:00Z,150,TOWER-HIST-09,OUTGOING,VOICE
CDR-RECYCLE-26225-1611,+91-9810011223,+91-9115384021,2025-06-03T10:00:00Z,117,TOWER-HIST-05,OUTGOING,VOICE
CDR-RECYCLE-26225-1612,+91-9810011223,+91-9112776913,2025-03-02T10:00:00Z,30,TOWER-HIST-06,OUTGOING,VOICE
CDR-RECYCLE-26225-1613,+91-9810011223,+91-9175388712,2025-03-02T10:00:00Z,148,TOWER-HIST-02,OUTGOING,VOICE
CDR-RECYCLE-26225-1614,+91-9810011223,+91-9142394520,2025-01-10T10:00:00Z,74,TOWER-HIST-03,OUTGOING,VOICE
CDR-RECYCLE-26225-1615,+91-9810011223,+91-9123659186,2025-01-25T10:00:00Z,145,TOWER-HIST-02,OUTGOING,VOICE
CDR-RECYCLE-26225-1616,+91-9810011223,+91-9141820403,2025-03-05T10:00:00Z,102,TOWER-HIST-02,OUTGOING,VOICE
CDR-RECYCLE-26225-1617,+91-9810011223,+91-9177893041,2025-06-06T10:00:00Z,175,TOWER-HIST-08,OUTGOING,VOICE
CDR-RECYCLE-26225-1618,+91-9810011223,+91-9146504984,2025-02-24T10:00:00Z,72,TOWER-HIST-01,OUTGOING,VOICE
CDR-RECYCLE-26225-1619,+91-9810011223,+91-9177587376,2025-04-26T10:00:00Z,112,TOWER-HIST-05,OUTGOING,VOICE
CDR-RECYCLE-26225-1620,+91-9810011223,+91-9126941321,2025-04-17T10:00:00Z,131,TOWER-HIST-02,OUTGOING,VOICE
CDR-RECYCLE-26225-1621,+91-9810011223,+91-9150916594,2025-02-09T10:00:00Z,148,TOWER-HIST-09,OUTGOING,VOICE
CDR-RECYCLE-26225-1622,+91-9810011223,+91-9136232373,2025-06-02T10:00:00Z,65,TOWER-HIST-02,OUTGOING,VOICE
CDR-RECYCLE-26225-1623,+91-9810011223,+91-9168473404,2025-06-09T10:00:00Z,110,TOWER-HIST-03,OUTGOING,VOICE
CDR-RECYCLE-26225-1624,+91-9810011223,+91-9117724702,2025-01-19T10:00:00Z,150,TOWER-HIST-06,OUTGOING,VOICE
CDR-RECYCLE-26225-1625,+91-9810011223,+91-9126370874,2025-05-14T10:00:00Z,140,TOWER-HIST-08,OUTGOING,VOICE
CDR-RECYCLE-26225-1626,+91-9810011223,+91-9119545956,2025-06-26T10:00:00Z,42,TOWER-HIST-01,OUTGOING,VOICE
CDR-RECYCLE-26225-1627,+91-9810011223,+91-9117646035,2025-04-17T10:00:00Z,76,TOWER-HIST-04,OUTGOING,VOICE
CDR-RECYCLE-26225-1628,+91-9810011223,+91-9196413238,2025-06-16T10:00:00Z,42,TOWER-HIST-06,OUTGOING,VOICE
CDR-RECYCLE-26225-1629,+91-9810011223,+91-9100863588,2025-05-05T10:00:00Z,156,TOWER-HIST-06,OUTGOING,VOICE
CDR-RECYCLE-26225-1630,+91-9810011223,+91-9112917002,2025-03-09T10:00:00Z,138,TOWER-HIST-02,OUTGOING,VOICE
CDR-RECYCLE-26225-1631,+91-9810011223,+91-9198936061,2025-06-08T10:00:00Z,85,TOWER-HIST-10,OUTGOING,VOICE
CDR-RECYCLE-26225-1632,+91-9810011223,+91-9140868944,2025-06-08T10:00:00Z,15,TOWER-HIST-10,OUTGOING,VOICE
CDR-RECYCLE-26225-1633,+91-9810011223,+91-9146185692,2025-04-27T10:00:00Z,48,TOWER-HIST-08,OUTGOING,VOICE
CDR-RECYCLE-26225-1634,+91-9810011223,+91-9111092379,2025-06-18T10:00:00Z,127,TOWER-HIST-08,OUTGOING,VOICE
CDR-RECYCLE-26225-1635,+91-9810011223,+91-9181762073,2025-01-17T10:00:00Z,177,TOWER-HIST-05,OUTGOING,VOICE
CDR-RECYCLE-26225-1636,+91-9810011223,+91-9159070277,2025-03-20T10:00:00Z,128,TOWER-HIST-09,OUTGOING,VOICE
CDR-RECYCLE-26225-1637,+91-9810011223,+91-9189792082,2025-06-09T10:00:00Z,100,TOWER-HIST-08,OUTGOING,VOICE
CDR-RECYCLE-26225-1638,+91-9810011223,+91-9184074077,2025-03-08T10:00:00Z,114,TOWER-HIST-10,OUTGOING,VOICE
CDR-RECYCLE-26225-1639,+91-9810011223,+91-9177317416,2025-02-22T10:00:00Z,130,TOWER-HIST-03,OUTGOING,VOICE
CDR-RECYCLE-26225-1640,+91-9810011223,+91-9115990215,2025-03-21T10:00:00Z,177,TOWER-HIST-09,OUTGOING,VOICE
CDR-RECYCLE-26225-1641,+91-9810011223,+91-9124047139,2025-05-03T10:00:00Z,15,TOWER-HIST-10,OUTGOING,VOICE
CDR-RECYCLE-26225-1642,+91-9810011223,+91-9153638047,2025-04-24T10:00:00Z,153,TOWER-HIST-04,OUTGOING,VOICE
CDR-RECYCLE-26225-1643,+91-9810011223,+91-9161900662,2025-05-10T10:00:00Z,65,TOWER-HIST-02,OUTGOING,VOICE
CDR-RECYCLE-26225-1644,+91-9810011223,+91-9150112117,2025-05-27T10:00:00Z,26,TOWER-HIST-04,OUTGOING,VOICE
CDR-RECYCLE-26225-1645,+91-9810011223,+91-9193359018,2025-02-28T10:00:00Z,108,TOWER-HIST-05,OUTGOING,VOICE
CDR-RECYCLE-26225-1646,+91-9810011223,+91-9170173729,2025-03-15T10:00:00Z,37,TOWER-HIST-06,OUTGOING,VOICE
CDR-RECYCLE-26225-1647,+91-9810011223,+91-9140832659,2025-02-20T10:00:00Z,69,TOWER-HIST-09,OUTGOING,VOICE
CDR-RECYCLE-26225-1648,+91-9810011223,+91-9106417630,2025-02-13T10:00:00Z,120,TOWER-HIST-02,OUTGOING,VOICE
CDR-RECYCLE-26225-1649,+91-9810011223,+91-9122680557,2025-03-18T10:00:00Z,93,TOWER-HIST-09,OUTGOING,VOICE
CDR-RECYCLE-26225-1650,+91-9810011223,+91-9185552132,2025-02-21T10:00:00Z,81,TOWER-HIST-09,OUTGOING,VOICE
CDR-RECYCLE-26225-1651,+91-9810011223,+91-9193744081,2025-03-20T10:00:00Z,141,TOWER-HIST-04,OUTGOING,VOICE
CDR-RECYCLE-26225-1652,+91-9810011223,+91-9138557672,2025-02-14T10:00:00Z,161,TOWER-HIST-04,OUTGOING,VOICE
CDR-RECYCLE-26225-1653,+91-9810011223,+91-9117822255,2025-04-04T10:00:00Z,17,TOWER-HIST-04,OUTGOING,VOICE
CDR-RECYCLE-26225-1654,+91-9810011223,+91-9183533057,2025-06-28T10:00:00Z,129,TOWER-HIST-06,OUTGOING,VOICE
CDR-RECYCLE-26225-1655,+91-9810011223,+91-9136684740,2025-06-07T10:00:00Z,63,TOWER-HIST-06,OUTGOING,VOICE
CDR-RECYCLE-26225-1656,+91-9810011223,+91-9155794475,2025-06-25T10:00:00Z,70,TOWER-HIST-10,OUTGOING,VOICE
CDR-RECYCLE-26225-1657,+91-9810011223,+91-9125604534,2025-04-11T10:00:00Z,126,TOWER-HIST-04,OUTGOING,VOICE
CDR-RECYCLE-26225-1658,+91-9810011223,+91-9199461598,2025-03-26T10:00:00Z,58,TOWER-HIST-04,OUTGOING,VOICE
CDR-RECYCLE-26225-1659,+91-9810011223,+91-9185296890,2025-01-09T10:00:00Z,27,TOWER-HIST-05,OUTGOING,VOICE
CDR-RECYCLE-26225-1660,+91-9810011223,+91-9118738044,2025-02-17T10:00:00Z,30,TOWER-HIST-07,OUTGOING,VOICE
CDR-RECYCLE-26225-1661,+91-9810011223,+91-9178576773,2025-06-21T10:00:00Z,109,TOWER-HIST-09,OUTGOING,VOICE
CDR-RECYCLE-26225-1662,+91-9810011223,+91-9168083806,2025-05-09T10:00:00Z,149,TOWER-HIST-08,OUTGOING,VOICE
CDR-RECYCLE-26225-1663,+91-9810011223,+91-9194100549,2025-02-25T10:00:00Z,72,TOWER-HIST-01,OUTGOING,VOICE
CDR-RECYCLE-26225-1664,+91-9810011223,+91-9122805215,2025-03-04T10:00:00Z,57,TOWER-HIST-06,OUTGOING,VOICE
CDR-RECYCLE-26225-1665,+91-9810011223,+91-9180895889,2025-04-19T10:00:00Z,30,TOWER-HIST-02,OUTGOING,VOICE
CDR-RECYCLE-26225-1666,+91-9810011223,+91-9116100238,2025-06-22T10:00:00Z,114,TOWER-HIST-04,OUTGOING,VOICE
CDR-RECYCLE-26225-1667,+91-9810011223,+91-9165044836,2025-06-07T10:00:00Z,35,TOWER-HIST-01,OUTGOING,VOICE
CDR-RECYCLE-26225-1668,+91-9810011223,+91-9122982244,2025-04-11T10:00:00Z,129,TOWER-HIST-08,OUTGOING,VOICE
CDR-RECYCLE-26225-1669,+91-9810011223,+91-9104150096,2025-01-09T10:00:00Z,129,TOWER-HIST-10,OUTGOING,VOICE
CDR-RECYCLE-26225-1670,+91-9810011223,+91-9199889071,2025-04-02T10:00:00Z,46,TOWER-HIST-06,OUTGOING,VOICE
CDR-RECYCLE-26225-1671,+91-9810011223,+91-9164697399,2025-04-26T10:00:00Z,86,TOWER-HIST-04,OUTGOING,VOICE
CDR-RECYCLE-26225-1672,+91-9810011223,+91-9149227490,2025-05-25T10:00:00Z,21,TOWER-HIST-05,OUTGOING,VOICE
CDR-RECYCLE-26225-1673,+91-9810011223,+91-9122962206,2025-05-28T10:00:00Z,26,TOWER-HIST-10,OUTGOING,VOICE
CDR-RECYCLE-26225-1674,+91-9810011223,+91-9114929180,2025-04-24T10:00:00Z,73,TOWER-HIST-03,OUTGOING,VOICE
CDR-RECYCLE-26225-1675,+91-9810011223,+91-9111433385,2025-05-14T10:00:00Z,37,TOWER-HIST-01,OUTGOING,VOICE
CDR-RECYCLE-26225-1676,+91-9810011223,+91-9136214986,2025-06-27T10:00:00Z,130,TOWER-HIST-05,OUTGOING,VOICE
CDR-RECYCLE-26225-1677,+91-9810011223,+91-9199234739,2025-03-22T10:00:00Z,95,TOWER-HIST-07,OUTGOING,VOICE
CDR-RECYCLE-26225-1678,+91-9810011223,+91-9105390773,2025-04-19T10:00:00Z,116,TOWER-HIST-01,OUTGOING,VOICE
CDR-RECYCLE-26225-1679,+91-9810011223,+91-9141139274,2025-02-01T10:00:00Z,159,TOWER-HIST-07,OUTGOING,VOICE
CDR-RECYCLE-26225-1680,+91-9810011223,+91-9140214987,2025-01-17T10:00:00Z,47,TOWER-HIST-06,OUTGOING,VOICE
CDR-RECYCLE-26225-1681,+91-9810011223,+91-9131805507,2025-06-14T10:00:00Z,35,TOWER-HIST-08,OUTGOING,VOICE
CDR-RECYCLE-26225-1682,+91-9810011223,+91-9175388795,2025-01-22T10:00:00Z,174,TOWER-HIST-04,OUTGOING,VOICE
CDR-RECYCLE-26225-1683,+91-9810011223,+91-9186541424,2025-06-12T10:00:00Z,153,TOWER-HIST-03,OUTGOING,VOICE
CDR-RECYCLE-26225-1684,+91-9810011223,+91-9119039699,2025-05-01T10:00:00Z,96,TOWER-HIST-09,OUTGOING,VOICE
CDR-RECYCLE-26225-1685,+91-9810011223,+91-9117528623,2025-05-16T10:00:00Z,153,TOWER-HIST-05,OUTGOING,VOICE
CDR-RECYCLE-26225-1686,+91-9810011223,+91-9146031645,2025-06-11T10:00:00Z,129,TOWER-HIST-07,OUTGOING,VOICE
CDR-RECYCLE-26225-1687,+91-9810011223,+91-9198314355,2025-04-26T10:00:00Z,70,TOWER-HIST-03,OUTGOING,VOICE
CDR-RECYCLE-26225-1688,+91-9810011223,+91-9141216648,2025-06-08T10:00:00Z,35,TOWER-HIST-09,OUTGOING,VOICE
CDR-RECYCLE-26225-1689,+91-9810011223,+91-9118747468,2025-04-17T10:00:00Z,53,TOWER-HIST-07,OUTGOING,VOICE
CDR-RECYCLE-26225-1690,+91-9810011223,+91-9119618250,2025-03-01T10:00:00Z,46,TOWER-HIST-09,OUTGOING,VOICE
CDR-RECYCLE-26225-1691,+91-9810011223,+91-9157953695,2025-05-18T10:00:00Z,120,TOWER-HIST-03,OUTGOING,VOICE
CDR-RECYCLE-26225-1692,+91-9810011223,+91-9189511715,2025-02-21T10:00:00Z,177,TOWER-HIST-09,OUTGOING,VOICE
CDR-RECYCLE-26225-1693,+91-9810011223,+91-9181199102,2025-06-09T10:00:00Z,158,TOWER-HIST-04,OUTGOING,VOICE
CDR-RECYCLE-26225-1694,+91-9810011223,+91-9140331964,2025-01-12T10:00:00Z,171,TOWER-HIST-06,OUTGOING,VOICE
CDR-RECYCLE-26225-1695,+91-9810011223,+91-9145001044,2025-01-01T10:00:00Z,35,TOWER-HIST-05,OUTGOING,VOICE
CDR-RECYCLE-26225-1696,+91-9810011223,+91-9139029776,2025-05-06T10:00:00Z,118,TOWER-HIST-08,OUTGOING,VOICE
CDR-RECYCLE-26225-1697,+91-9810011223,+91-9193162402,2025-02-06T10:00:00Z,135,TOWER-HIST-03,OUTGOING,VOICE
CDR-RECYCLE-26225-1698,+91-9810011223,+91-9147371668,2025-04-09T10:00:00Z,174,TOWER-HIST-05,OUTGOING,VOICE
CDR-RECYCLE-26225-1699,+91-9810011223,+91-9188657179,2025-03-01T10:00:00Z,35,TOWER-HIST-08,OUTGOING,VOICE
CDR-RECYCLE-26225-1700,+91-9810011223,+91-9133882181,2025-06-10T10:00:00Z,129,TOWER-HIST-07,OUTGOING,VOICE
CDR-RECYCLE-26225-1701,+91-9810011223,+91-9160226089,2025-02-02T10:00:00Z,140,TOWER-HIST-09,OUTGOING,VOICE
CDR-RECYCLE-26225-1702,+91-9810011223,+91-9174812042,2025-05-14T10:00:00Z,124,TOWER-HIST-05,OUTGOING,VOICE
CDR-RECYCLE-26225-1703,+91-9810011223,+91-9119339742,2025-05-26T10:00:00Z,103,TOWER-HIST-08,OUTGOING,VOICE
CDR-RECYCLE-26225-1704,+91-9810011223,+91-9128438936,2025-02-21T10:00:00Z,94,TOWER-HIST-05,OUTGOING,VOICE
CDR-RECYCLE-26225-1705,+91-9810011223,+91-9136025945,2025-01-08T10:00:00Z,138,TOWER-HIST-07,OUTGOING,VOICE
CDR-RECYCLE-26225-1706,+91-9810011223,+91-9188024234,2025-05-22T10:00:00Z,33,TOWER-HIST-01,OUTGOING,VOICE
CDR-RECYCLE-26225-1707,+91-9810011223,+91-9137291525,2025-04-15T10:00:00Z,89,TOWER-HIST-09,OUTGOING,VOICE
CDR-RECYCLE-26225-1708,+91-9810011223,+91-9120778603,2025-03-27T10:00:00Z,167,TOWER-HIST-05,OUTGOING,VOICE
CDR-DIST-26225-0001,+91-9859358710,+91-9856484082,2026-08-12T10:00:00Z,51,TOWER-DIST-07,OUTGOING,VOICE
CDR-DIST-26225-0002,+91-9887935065,+91-9824588166,2026-08-22T13:00:00Z,29,TOWER-DIST-06,OUTGOING,VOICE
